238.75924595415182
51.91107650063807
245.4155325192008
54.86648987307176
247.2729169567812
48.65140967918653
248.07579661404174
93.18291186361611
85.65569992518482
141.4076379762382
64.64285188372833
39.02971707620326
93.22695383805011
207.62764383616837
100.41655358089284
241.20721537740164
219.09867130617675
137.22600402166697
227.3720197738996
203.38386203089044
183.5115366593174
45.40059418250474
84.778004731483
87.07853157389265
219.7367277611861
90.08298953313785
95.38504861977064
110.6854154679898
76.12071752853828
217.98600964787354
157.82977106273037
169.6570194037955
165.96026367652433
78.63553649091969
101.98451406570489
108.46921280451711
180.817119024242
46.27758673651569
197.76855839730354
175.3933619106324
48.134774864991876
86.84929945045427
112.1436370267563
142.21998788700222
33.147784888748276
49.39342108891994
234.71692429969121
73.5253781028333
142.15157879628669
136.92714162909525
210.15200632081604
169.37318138038162
62.409710976615145
217.67474517407578
167.01641722127303
188.7251461365165
230.5866958960288
159.5866351621519
40.164088456250425
217.49573895443447
36.31810892458482
109.87392695338899
127.60459473629864
70.81968330654031
222.23093195483344
154.40202051183783
149.15544663969942
208.7189125120358
235.20776343207015
234.91511465529123
136.51093381920072
138.16949217307024
39.27211640923921
244.91084961611554
106.29017555128448
185.89622013618376
49.026739221739184
181.77031111834026
174.24524504070416
85.67028553073564
111.14940210414608
104.68327724595615
104.90214136404731
51.73805485306127
140.40515252140966
227.06861843497782
77.59666709500347
125.345727823368
70.87231384204225
137.48359223506725
83.99787024097043
144.7186761113549
182.87015805230465
68.73977521628962
165.40896269975312
142.60342853441009
190.16533330586526
97.45414552399524
150.6513779853768
169.61483581487423
697.5693122376753
1004.675553660752
660.7664093765609
1300.6650004165833
1080.3373834667432
545.6800928947382
854.77610417807
1121.036699324498
652.1575103710284
832.6666369158431
590.6783298814993
1007.7205964028088
1157.7620935023492
1114.9236171423297
1246.3693108492596
958.6462711067629
715.5297141472345
588.1502156702772
782.4763171118989
592.4922942471533
1262.0452064811052
1141.6535383825058
643.2026152491168
1086.7401944684748
600.3436641786253
1150.8754152743777
638.5141108174338
642.5664286603405
553.4794747402692
665.9405789855687
920.2963181189123
789.8216591815213
977.2396982165075
720.0048415321581
846.0828204792442
595.4724232326259
693.2572231852461
1096.0374672643675
929.0297833113156
826.8163302817557
616.7292415894381
695.5441578043005
973.7505048849725
635.2885575649011
976.4693586773093
1045.0519541823487
1159.4097005146996
1072.0999412315628
766.6060289661077
905.2600050175504
733.3054260221083
1044.7354445513656
842.5606833035142
1003.5246515349812
838.4731471390215
645.6679692578202
1120.5955574192408
734.9689742842477
625.771512385435
590.1478912341752
886.9804389613709
444.8176155367181
1025.742463983351
665.9075471658515
934.2974800652047
1150.2038939721403
603.9135467890758
615.7955161608355
1284.6528496217381
276.62453231520806
543.1399165252714
849.8456812270558
687.3422200510847
739.5088516256011
801.2297082107947
1169.6136670946398
1095.857955493589
645.7926941800948
532.0889913574483
622.9856354213138
1054.412952989286
765.9298665184973
659.488099397349
1295.4441913802443
989.9635031246399
681.1291530975232
605.7218616278569
768.2944289571625
633.5628968090713
1001.4522336291701
1038.7831910115378
962.9166158556591
899.7192818399138
491.73983116128926
422.6749076612643
1011.9178691741937
938.8056072902177
454.72088027979663
478.48879259896233
776.6707388678425
1913.186910977877
1323.9822481272354
1504.8275111537246
978.7225510849
1216.9774659422249
1854.1737390203693
1086.5632437670126
857.7493719997285
1097.5399255159405
1482.4382537119293
1220.6110060676338
1205.5195809440695
1316.104821468569
1051.3953578053108
1623.5476650215635
1466.6954467449336
1361.2231398261417
1108.9104135743678
1506.4171953186
1364.7458955501095
939.4741766638302
1280.1419209949088
1891.4460977920326
1563.6502573532227
1583.2652391405788
1027.032385818458
1238.0267793552307
1616.2774965095155
1019.732743061507
1571.0644350539783
541.2832306671145
1248.2036774336168
1035.656580571345
1548.6579143305478
957.7737068884188
1700.257904769322
1002.2661127708926
1312.463005079276
1405.3082258052184
1284.630243451063
1090.7478970317302
1205.0060303703988
707.9905246021732
1245.5089136010686
1604.338014321242
1568.488860671487
1596.194920881054
1796.0845693089746
1277.4376658785768
1581.0395145393115
1284.2060859322105
1135.5708407602876
1579.011936058367
1341.0274255042552
1711.3101577058662
1028.4722901568591
1072.3054513371387
808.6917778959281
1355.8390418036709
1154.7893180907818
1323.7947828436606
1491.7413153588668
1620.002345820606
1211.6979753764704
1396.5919846095228
1590.7464055556984
1507.131186113746
1236.5235184474027
1335.6534419588895
1724.7012027565513
1376.8600873031244
1519.6802133469423
1155.7977030076802
1037.66770381091
802.5610829630358
914.0359989782435
1632.9786005596134
1251.7028358027176
1305.6612054934621
877.7705940490055
1774.744424940736
1120.792468556502
1392.9002432529978
1852.4878390945241
1194.2316660320726
1584.7654143311138
1818.3206891123025
1004.4674575231182
1564.3566983103112
1097.8504730422846
1639.7849447148888
1577.8653096985183
1778.4962349691325
1847.7844334126733
980.163567863453
1179.699086345474
981.1983598344716
2023.5585193904465
1317.7961364276207
1494.8811351819784
1232.3030263362862
863.0148573599054
1027.8434176443147
727.971266055609
935.2772996441126
684.2918594665365
727.8064362833488
1119.739606023925
1029.719829895042
1186.8638067194897
855.2801191552142
965.925129370942
962.1510371148873
913.7378490078147
869.2923031153172
707.019197719815
976.0850693094224
570.3838402327781
863.7320086574855
779.2438891956881
1231.5349534967663
690.5588080789106
720.6379486329604
1021.7966963341097
1095.7631714261947
884.0440793329675
1135.6651348917344
1131.647078976096
774.6860251620484
922.1797897786035
372.1850306015788
465.32819738534266
523.9891409659043
1514.7198846430952
1040.724069449619
700.2325969544128
713.3757565552976
435.7133327987096
901.0870595088885
982.5262991250678
484.933117665002
682.2874799451598
1034.0183501663187
1187.7230620422072
768.9607365605109
907.9374950274168
1122.3738686331212
431.57443340347214
794.1163463049737
1070.5012761634118
1366.2867135827144
965.3918712309787
534.5656471696446
1065.8242544794487
576.6098973849455
599.5368554914913
1038.4941554270786
1128.0863185555381
509.02490560984114
575.6779676886339
681.9452941772826
845.7525552652038
1491.5552075901521
1076.657565173633
400.1545756023611
1218.0371813336203
1265.9411501740208
729.8943600103714
540.6585743571349
899.7530706293883
929.6706539067518
816.5142772480264
1140.2956882987546
971.37737433678
1104.6199610502147
1002.061536870944
1038.505815026513
524.3689538219548
656.4787895873222
1088.9844802607943
723.0063112766574
913.8698346483998
1009.1655732449909
471.6592672649251
1112.422908229592
674.749574105213
1508.8168383571056
357.41913933413275
809.6432259366085
1072.4306289101546
566.0303850777466
916.0670368307182
612.6294757478692
969.5689134538577
1362.514766313484
1059.485167429818
1083.4207738085563
752.6816518283359
1051.671656148163
1220.0962197450367
990.1151681952911
616.7286605796568
880.5253972906509
1084.2027616499245
780.7792826977571
460.1046776744221
923.9825087187735
839.8716973420859
380.72972294895754
1100.7531493242648
560.2200291992863
928.1306981559167
702.8682152604069
814.5157514440166
725.251743500772
525.9687637162816
1221.673089639136
412.21686521543063
1256.8410501835235
373.85382382583094
1018.2907361998723
464.2646053385021
649.1756202475545
700.9519573471405
666.9821196923998
715.891373726915
1148.6102811660423
685.8670908464909
339.41351856510516
1263.923741970184
380.1513247020002
618.3653478291881
922.6607758317277
972.8248127764366
549.3369653041666
1377.2808412664365
682.143238890968
821.1375020927342
587.2167593454192
869.3314313264875
908.0328441824083
861.4896915082677
586.5224166486731
543.7320154948271
459.7828367987868
1070.3339627407797
367.8927451343989
649.5854833868505
1128.4435379048991
574.6543494806489
269.01502341526793
329.88436873728625
402.224104820414
561.219291122002
910.5291023925679
617.6196650227554
820.9401117965147
645.7740502180867
439.59155107918565
553.7355518712479
791.3081682462748
725.014073085292
743.5255991280663
692.9199895528633
1074.594732204371
489.77934026316956
833.1449945148235
901.9122354215629
950.9553202309263
339.0224032173875
569.8715158730226
739.7570146783132
954.8519059631651
784.6266574702003
677.1208652127145
772.0382219458623
884.3458501865687
990.1431651896714
819.3801233002321
424.8831633941368
594.6253161930289
660.0303762576822
340.75770923374944
380.2490125380039
733.9538998944698
560.1450967640371
1053.5762506743654
762.9249809445809
560.0046954112702
1016.0905248497367
443.82078148508043
365.3402023520741
473.682133055837
663.6091176900763
462.1209271833479
350.9607283277426
868.5230449727569
711.6241222101143
751.273676490498
670.5733126887402
830.2222186933352
759.470332051938
493.3311212360204
298.35207489151344
845.4703843134052
292.7739403179853
758.7186861092675
519.388242427435
769.1788225024366
411.2638519057045
746.8167120206323
535.0017089132105
565.1037607353476
417.5313532956635
323.70504401890486
717.401953694924
595.4620155405182
1045.800443723715
756.6677262847953
452.7485293857361
909.6327171481382
703.7640471123315
1022.4149837534948
420.1411102760974
505.38957678482666
413.6755170783697
474.5707468310613
574.4880436107
818.845032279331
387.6105145259341
589.7261628677418
852.3771796611827
602.8052379738127
526.2015084299156
339.55597391516096
577.2040595184841
950.1520914780972
379.7666333839037
956.8143881988933
489.99267487433997
616.2391994797883
804.61139503504
678.1784245925716
200.20813088556054
446.03858845454386
408.6444325285324
973.8023102391708
984.912174498722
429.0224056227659
742.4143721186123
906.3138758488421
768.9170162411153
793.9477336408379
1110.9643334006623
734.7835309030439
403.89796765804823
621.6751234181015
688.42677985939
933.0400693961074
867.5582313753091
744.4780913728925
868.2764086496081
868.9687388251666
592.4253557766572
898.8875412783823
621.7713453323498
599.9417670714365
535.3908737544879
884.139271854268
1089.6296431952385
549.2930266829698
482.82960801691905
708.7128143150786
1142.859568365949
899.2087757449765
622.381864614344
1067.0410765085137
615.4536791320415
979.5109716536491
502.8426517338783
561.9033123612843
753.0408513647617
538.1371614043987
520.8161217657288
722.0769177936444
944.2950683672019
1076.8511056743685
883.7988257077651
678.9834032623492
1032.2417191290378
1089.3206697993523
885.738763919431
936.842942789028
1062.4338698720849
665.7821044042691
851.4425732990243
872.194093912902
1026.6494822934726
631.9283585352824
807.0702296043971
1030.120395896218
652.2012351340659
1168.906777615748
855.3926540992735
519.2422040158672
883.6831399141556
697.8284875644486
454.32803385190715
615.8635982562284
957.3710409355563
773.697439718347
939.0609507354299
720.6799045754217
1175.02232784075
894.725757279429
733.3376846542168
673.3531062775962
818.4740612368191
908.5606858802181
578.9369544838236
1138.269491857868
366.81673595304954
865.987725453832
434.28272474793266
801.7150760044613
798.146796863442
1081.660773303681
641.2756964017386
1138.3526633020076
657.7605201707102
617.6528405007945
632.4065084954188
665.5363188688868
871.1627468224073
836.4086707110325
595.1647309411181
1010.7125339344292
865.0843053300163
635.576820363361
993.5820776331457
407.3138625622426
851.9632967979276
642.4214882235053
922.8007612984334
931.7130552066086
712.2161775607373
559.05782160531
1059.6355762592218
916.2610150530498
677.5754140594041
1452.5814819689701
1586.5855798857685
1740.418178295919
1524.6318871429169
1667.5535012696284
1898.4399956038133
1644.2188404101053
1848.034247826537
1649.045575428164
1732.4939594070602
1832.4642612746557
1801.9226722393262
1505.8439092630754
1843.3806528346515
1756.4796339765292
1758.178438901538
1575.139947515593
1648.547562022997
1619.9074484606465
1781.421471839998
1634.6870290038075
1496.280240377203
1551.4534379131644
1680.4880708670182
1633.729918065931
1749.2909866036393
1540.604137172245
1739.9558311423948
1434.3945676595265
1742.2508435979225
1675.844488324687
1573.909140100859
1792.0743130045532
1823.0328169242882
1682.8401680186184
1659.1364169598755
1472.3927458609605
1815.17917333436
1979.7598193184897
1438.5548731650754
1501.2419818227263
1818.8745709927055
1782.2758188347625
1474.016328374445
1496.0145347163798
1882.7946511633681
1561.9287349770802
1655.332086553814
1885.0551714416329
1817.460572284546
1539.3113118778915
1756.796269874937
1610.8804123699465
1601.710855497945
1876.5766771442193
1731.5916701017356
1671.8800912567538
1613.9730254126955
1668.3363028215929
1593.9905619083872
1740.1796279171149
1602.160606601069
1688.2168150699706
1671.7999864594558
1697.2365387006673
1825.3261529133617
1820.9082401180194
1615.889873293481
1947.6901281471517
1489.221503318226
1842.0216169510734
1564.8760764311944
1586.5768377940956
1823.5591241959933
1746.7378791531141
1778.3406044915075
1475.22791952728
1686.5495262308502
1761.9742217776668
1645.1180486880935
1735.6550185225235
1433.8838033051438
1528.6086327114292
1942.166641922228
1502.38578520672
1471.1697616977772
1846.7365753518748
1426.258635467333
1631.3048820064714
1704.9793919445476
1524.1010967393643
1712.698950293442
1835.7842138588028
1526.2820041477758
1698.9157795464537
1559.484266472479
1908.6562338014735
1627.2972017658956
1501.284730297205
1692.4105128127835
1417.7511474716428
1161.9516656595497
761.6607793146519
1917.1076762284738
997.520514941853
620.9095139810296
1188.3104904791976
1289.0498270512728
620.7192071162324
1207.8261587019333
1933.5119714639384
1388.2076689571031
1631.3897085903757
1741.6397624895146
1344.397251394051
1864.1424105127687
1432.8300551464963
1663.4805239288169
1790.5187430666808
1482.237377111841
1368.214573858659
1926.6687989344375
1482.7242203302606
1651.0206110211868
1352.7792394115938
1114.5357424514073
1182.8904617892506
751.6137150336642
1782.4952987183456
1412.2918145521805
1809.9144158566523
1370.831942797185
1631.7774358743447
724.7414394105779
1313.7579930020895
1938.1901241973137
537.7510273259415
1704.7473079054682
1406.7282638270442
293.22174738254415
1864.0489843821056
1657.309481163457
1116.8594278252883
616.6825340503135
1053.6557188997836
1463.3448629971842
2005.6012716903267
587.7183987878459
1773.4934782732594
1504.4561055426166
1528.9714076346652
846.7918749345625
1209.6307611167858
1867.4377629772607
1506.0798375715046
959.3991643131469
1292.4210702425232
1812.78390692861
1092.4137691733629
2138.3731054482646
1283.3318094921156
1009.2331455347555
456.65742845222934
115.84571212281416
1215.527022653888
905.2229085172386
1123.8986659060618
2071.881487442614
1439.071159028285
745.97287300767
1496.9273030239033
1259.3557051335258
1040.5694124017075
359.6700260583185
1198.7710957638892
1257.4337160407892
1411.108641918235
1378.5544996673766
596.4004377351924
1358.126378529257
1019.8204264797026
909.0975222389906
1449.6245830554649
1448.149780615089
454.6379782111944
1606.329924187203
946.0915773310657
1525.2157331232868
852.1983429112248
1775.4882653564787
1871.98283732769
748.4610872912533
1286.373312947585
1103.8069847086986
1231.0054434473807
1600.1331129489922
1939.0317812808066
967.2438111103509
644.272973984513
741.3139355454424
1318.1342465931407
1742.3653188914614
1570.99551900566
1848.744403592388
1974.8342618759532
1732.7333372034743
1829.4704316566347
1565.5181765542964
1203.3104771403016
1514.9202299813708
1355.3517181840764
729.4835800892375
894.5621173371507
1028.236696063569
1278.9445947573083
1210.8073593104066
1495.17855382299
1129.9490694815036
1213.746148365679
1516.4013437449316
775.6612210512194
1384.2927931939569
1442.0225223376706
1071.2145019587215
824.9267065348932
1788.7857564409705
939.8153306316907
1415.3570889792704
1198.1277640779447
1662.517102171185
389.7142515249285
1165.7816877808982
1199.0607784202928
740.3320228218463
504.72996608449216
1443.9249337139665
943.3541538715762
873.1947095572024
1828.9091346825855
853.0632350280466
665.2114215596804
1011.1206235873891
641.3357635312786
1661.6613918631356
984.9121491724275
2026.709491132022
1793.291646030316
1058.8209718509727
758.1654680125574
1473.3898671167742
1284.981961071902
1305.7738310461202
1758.6114447746327
1799.7037063808689
1217.4691051622403
508.87454225424
1075.7258900584786
599.2451426856258
1152.7564904866183
1499.148933397568
1834.175416496101
640.9783530682729
484.3184710630103
1306.0203353381346
1527.6516761871433
1062.5555840068625
723.943429060408
1237.0750072724677
1297.2094777294733
1773.6376105311206
1606.3265925994926
2071.459340949778
873.298615658819
1777.7954718887524
1030.2412607972135
1293.5030913398566
1393.2710695610049
2235.4744505747303
1597.711904770752
1548.7179103099982
930.9136747032704
1936.8286964654528
1667.6869790572357
1570.4516498506546
1607.0299306823065
1305.7532506509574
478.08836482198296
638.7320047683569
684.0220913296366
1424.3032768627809
1923.9668834788167
1660.0045401360526
1175.6813252169563
846.8071551941345
931.9068822024249
1018.3714045029029
1410.628862832383
1594.208212429273
920.0081121819672
1365.891367201115
1280.5609673010795
1200.3695900818511
1912.3094184964818
1002.6549511008066
981.6686998078009
1467.0795290927633
1396.4827219331335
1653.0735537659486
1297.4929205992134
1926.550479764773
1175.8032525950302
1441.2026510003773
1868.28288853318
1279.9612680288599
1708.5939403109994
1937.107972577579
1912.8356748256472
2048.072482129693
1475.5100579978198
1012.4488621279194
680.2366904532172
2075.4401273071016
1775.346810485206
1853.9244455181654
928.4804970768345
1602.4844281606784
786.8186707224471
411.12334926860143
1044.441122870739
1601.3495874283021
1182.18605223319
1064.0809966210843
1222.921619403055
1636.2250122720843
1863.2703868219733
1193.54446210968
1635.036756183695
1868.8468589852605
2022.6024231604795
1585.127193329906
1307.2849232908684
1157.5390764664876
1558.1974034859295
1063.988037709961
1960.9631631414466
1404.1416784685491
834.7580080477493
1668.2988769415824
1699.3167450826193
1929.950331901772
617.5395369735559
619.3807021667681
1885.568861796483
1597.601671712237
1467.9220590720292
2263.687165710267
1109.814739655025
2170.8050193606005
1334.4481687774214
2159.6264633768715
1092.3899373458255
1656.5296118225606
678.5239902712594
1176.3107069939263
1636.650105679401
1431.7296709977568
870.8354183941616
1363.9622368811426
851.9537838232294
1603.0786195405233
1404.4190170263746
732.425792921409
1250.3744371083878
1761.569137925332
577.9141665164545
1248.394911771872
1587.0970492982956
2030.011032085704
1754.0348583545729
857.8334430182941
616.2176362787129
904.0481039974557
605.0519506082619
1100.8687111370032
1462.3862383549326
741.0069884614004
1481.8016655538017
910.4507931731798
1096.941546936193
1384.2033675176322
1370.0423801412458
660.5640158403405
1846.5788127078056
1240.5138708593688
983.2089191903935
1162.4873799598156
457.4018501959099
1323.5106459005538
857.8866289097613
1378.8783730926118
640.2543432363753
1312.5489867579531
791.4038478711672
2144.852459215281
1245.6463951671742
1290.265520961776
1529.2089558411408
1555.3729066272122
864.8395766124685
1860.6339147729698
1859.6486560542355
1001.5887870770399
917.8954301646369
1236.6319275866551
1459.063044089234
820.4715797686505
1549.7989185089152
1537.2087825544145
1788.0492312683525
1173.186770816403
1443.4670819446922
1513.6671394626349
654.1668768884447
1175.5780101107855
1292.3671907746257
1303.105889370907
1113.758130923834
1469.3794957695422
1557.0114692964876
854.9545783944781
1546.4987032119195
1093.0206506132251
1439.7633300624243
1460.1889463824627
1144.5516727167212
480.6187248253414
1000.5397801996266
1767.565540204763
1764.607752343653
759.3839844367334
1854.8999709816244
828.559108641549
1076.5921199651834
1457.7560206331505
1273.7052582669785
1464.19320683299
318.4189664228362
876.9184839511423
1730.2390145534773
1489.7685347246872
946.9244928008598
893.77095014776
1688.3538207492152
1085.9900096554586
1472.4005556077852
1735.3727009308193
1308.6397527027686
1058.8396076866989
835.6690802402366
1770.235629612129
1586.0047733136005
1567.5447924188163
1715.8631386031766
1384.283564232655
1408.3906831017503
1441.706561971571
1623.515290636072
683.8449382190943
1751.1243306322049
1415.8004932412393
1089.6096766366175
1245.7230566527364
1989.7311932025284
724.0069429010751
1391.6838050715626
1179.2152980325272
1979.9845330945404
1703.0424550143437
1406.45863705153
1173.0402982152366
1024.1095084136573
2023.9015362718103
1432.7620837396103
977.0951430345266
689.407004289759
1288.8136431188918
1125.7908699830396
1056.6465986199428
1489.9537773029888
1761.3208574548394
1212.2334420196933
1051.506723228705
1065.7438845304282
721.8276485153859
1231.8416076958567
1136.7087556124618
1522.3452085901179
1919.0875247695153
1636.890474107897
877.4357164033302
1264.5498048987445
1344.830747502567
224.89510191341813
2116.3660285607625
1253.696195941903
1266.8010515309102
1391.438723671485
1427.8613811097741
1681.167038928277
835.0099528812366
572.7459296460399
1103.214361943984
643.6162528526205
1902.98347109707
1536.7418939131915
1687.7658883582437
405.65626702770584
1229.9071611041231
1311.3408845576455
1215.5902795522163
1538.4167813444988
1374.2677189533931
1193.4422161122245
1758.9682009102696
985.6193582821452
1281.0882747354217
1398.147800465954
1293.8675436848664
1887.8817572217097
1716.1987885097813
496.75889543479764
1617.2059732929908
546.3271548660651
1251.2170483192742
1635.8097203522768
1570.3508070772339
661.878724115592
1104.7262966999062
1191.1472063519548
905.1954311478452
1854.7825355146067
756.1568064428426
1427.5706774083353
1424.3250815030556
1812.622153174312
1952.208900094181
1769.9465776515983
1439.0107821653842
1144.923873089649
1027.8795769327385
1483.159104617993
1111.6626242094633
1321.9016493553495
1266.1471548226673
610.0358217474402
865.2579801714701
1258.8684562659384
893.6988706594852
1883.6820435106667
1011.6401373314693
1787.7366538948447
414.8460237802214
1582.9357947371525
1493.696582438522
1918.314638160039
1868.9879853497448
334.4873834630229
745.1274283851363
1562.6054680990796
443.0651829972747
1039.2291118019907
1456.247210455846
1144.631039698062
1619.8106099665545
1107.461108862192
1765.6951829347513
1096.0439158935733
1321.448204052312
630.0330768505028
1367.3740015540795
1033.5931628649237
1071.1240330890987
1286.6454534027355
1417.7572738558604
1380.7172158561673
463.97858987967714
901.6289466960949
668.8858095090948
1410.9478356197324
1316.5813643412662
651.0978535840296
1138.6466610114073
564.0104666639419
925.1265555291512
1070.656509173738
1625.0705204356557
1691.2919920280863
1970.76257217824
1841.8234190561234
1167.2954071466136
1829.7879438684927
1727.1659331047401
952.5259047695674
1379.93710480453
564.7893540709417
1019.5245579874032
1602.8307838702267
1128.3442438593954
1755.9413283767756
1644.1952814776541
1586.368210536048
549.7671019353322
1404.4407990413079
1119.6447758372435
1527.789165370907
1526.2328884017543
1817.8029424867705
1125.3176149555354
1392.703495196427
661.1179005037168
1394.305121639022
1253.6263087223556
955.64510324045
1409.0125543108159
1099.8255670089925
1684.8953429153416
1603.1913860732031
847.4944317810143
989.1410055770858
1283.6659753933227
650.1899468392562
1639.4598521072508
1026.2410262348583
792.9017337179259
1567.9588459690294
1112.630542212339
1841.449737693738
1299.0000784096446
356.5014004348527
960.05076363533
1341.260866659873
1953.6184104628628
1555.4372555356656
1518.8545129307302
973.110196097234
1355.7438601530912
1480.165260218391
1586.3535421185384
1228.9174961664582
1115.004515879182
1704.7549763226857
1251.5634297591719
1512.9347013226031
1303.985196000717
1692.3418034079546
1974.3450226022965
2059.2703904315426
1654.5795225941336
1083.5202978767884
643.631085552465
860.317055744726
1062.171253594225
1257.7916911963193
818.7796939734654
1776.2771256681274
1371.8895068804552
775.5974959881097
1048.2203542922502
1551.893941608474
1392.5523847492461
1066.1236155739216
872.5549229560085
1380.6277235681782
1114.6283095039053
615.9682159521723
1209.4422752790035
780.1660630125483
1121.4232958321827
1137.0645582134366
1142.0570449080396
1494.144906017774
986.5468026072566
1247.6072681699065
1200.2773757818131
961.3501324040466
1297.8211904026468
1663.2422788671633
642.0844264793863
1382.8356666318498
849.6392878500975
541.081945157799
876.398095759553
831.0074404410741
1164.886026789147
973.9736996424588
1808.8745667530302
1266.0381356025596
1252.4830544248193
787.8707300144436
1657.1243584706945
964.0435928240715
1290.7480817055548
1171.3271311946203
1354.094122367889
2224.714465467474
1880.2412946453237
1237.7858247145643
1062.8288099295892
449.75125263821866
1675.603046781621
1267.868810537773
1353.1329040627386
960.840353078685
1567.823918540951
1608.1074832363104
1380.9900675106771
1134.1706978619645
1420.7847153217942
898.9400075810643
1955.5351249978846
1945.0832821842073
2152.327547627684
1113.8355392912747
1243.5543030860536
1430.0715805388586
1410.506616353599
1417.6682829862307
674.6419509816122
1856.17039471538
1132.2872520479282
1664.2625220736982
1214.5474868133615
847.7729643052796
1765.2096009671297
1377.3181293218709
1146.0781115464601
1778.0173591381638
1281.420508717756
1608.2844777883063
548.1842262881546
1168.0651809638618
2039.0046016661095
1278.0918009432007
1439.4883733738643
2061.727115218688
1353.6296306402498
1191.5416684632537
1847.0718973430342
1188.178977480465
1425.2016626010536
1170.1188840935176
1409.5282672164956
1365.7304125014446
1811.246367808191
772.123466877512
623.3272471666093
1596.9554488231122
1277.4318107181766
1260.2932178853123
281.2022900266137
1078.5922515692062
758.0166532664225
890.7088693750505
1728.7225009985036
822.5658957953978
1626.6529565648195
1632.532080072427
1901.2030465706257
1098.9662903228984
1708.2510390936247
1310.2582968548527
954.9963463212318
1137.5218160957634
1651.8554339424504
1178.2075665435716
1645.7574628709044
1463.0560650318023
1289.156235617635
587.0213188241447
1259.6263580600514
1335.8641270139617
1039.1291550967735
1128.306822183337
1672.0707291362805
1501.4516822764851
1144.9174437254196
1401.6903101954497
1029.402958884653
1340.4363051116677
1571.8573408031075
689.1878342033385
1757.937583599667
1144.526975231284
1822.586553965342
808.7830062729656
1703.8634844648775
1271.1523550647373
2279.080369370015
1095.4910818124781
1039.7568130965324
1737.0852184664334
1623.2286370148
1249.625485737894
617.1870284127108
1155.2508816235384
1988.9576956106093
1533.9166083986368
1683.1611716326208
1000.0497747303084
410.6276553871161
1532.1110387697595
923.4657145001889
987.1930810320996
1205.2785063019435
1958.852047495374
1046.0605540097633
1198.6199336830182
1595.1341378957497
1026.251951734991
523.9692017573764
1276.7091608431313
868.1496604873137
1156.88888317782
1444.2288250493123
1018.2573506514744
875.2857003155683
1107.800097100762
1258.2139594005582
1588.7811224802304
1652.1319450533192
2042.5173813217896
1246.7198779708833
954.4320080122336
892.3246223420758
1321.459343266394
1566.8225365089752
1329.3248559213519
1366.4224103696047
1422.0963427682564
543.2083819526625
1489.535249506675
826.2429087173612
667.3725505912313
1199.270578310527
1612.4196517876248
1687.4942837129056
1732.1778589626972
1230.692335699642
1474.4873806006499
717.145235224542
1395.8646792874447
1849.762943065376
752.9353626917133
1788.316525553909
1257.6274923614928
1583.6155411643842
533.0419707926206
511.6857533148858
1254.8080828983582
1033.7267791834797
1866.0197090416211
873.3431655672138
2077.5896377260046
1170.3494995405151
915.3205325932277
1510.8939837882747
1215.244691422132
892.81441601075
1919.2426495915486
1474.4884902895553
488.08837463917877
1097.2976218141036
615.6186308014778
900.2884220018577
824.5692496426383
1135.3248189619055
1311.7296648997863
1278.454986300135
1526.9590427795677
529.0439137846782
618.9618045383535
482.70476216241224
1305.491432902164
960.8768511540269
1602.883346127847
965.9548960103507
2205.5432134632956
1594.3844653237034
156.7973989934925
1515.3095733676798
861.1445652498338
590.2886797218347
1154.5194871035867
1298.7720917863917
908.76706450113
1596.9095843745647
2003.6155664720209
1622.061058248651
707.8803784659787
360.42618672001566
1156.378754950455
1052.328558806661
1438.9720314648257
1157.5591253307834
1256.2381478086138
1803.5752227881019
270.0123860047326
419.28764336038597
1759.418519545781
1368.5625335474829
566.1366009214139
547.8843063384979
894.9158308992669
1160.3102522949453
1166.3258968132188
1191.3427242876246
1610.786320181334
300.29055827703195
1381.0027044479714
681.9026499936974
1034.0868101297751
1386.2259015630734
1581.5423020344572
1385.1475534927451
1748.7485674318154
1634.6859154978474
1248.8226462286914
1768.0332004194483
1330.559814645964
1639.186591568669
807.420986123603
1126.449417181098
1325.1705143682136
804.5558376049074
1554.4069595166898
1562.490783688836
1149.8746031801875
1516.0699497909166
1449.439872105399
1780.1366647183904
1261.2518249066843
963.2839856290524
908.9877867607612
1127.4157266685154
813.4826577041714
1502.1947553892576
1459.218000089627
1003.340371011588
1300.6907513628657
2156.5553118626335
1924.5592009839277
1817.9881779550626
389.1983277792159
1081.3466322533052
1107.742338934897
2121.0987576010352
1001.4038634904268
889.1394170027064
1375.8144671900818
842.541543080081
1701.391219447466
1748.5637920307256
1827.5535481017873
1510.71549078095
1382.682063445527
944.0620626643562
2240.7644941878134
1453.5325087024237
441.1681091704644
996.5576419593672
874.1652228989735
1185.9323898314292
1388.1601605733106
1353.2659560674992
936.2273816927606
1338.087873306183
1234.0279021229842
1691.968896169892
1429.8837441565604
699.1974777582736
1076.3147739907288
1348.200005636459
759.7331642234473
1254.3173405392336
1633.0151777101216
1000.8204682296985
409.64697777779674
765.5790470096392
900.505986706016
1020.8098631679268
1319.8925632089552
974.6345862611998
1708.3336419890331
1552.8717612931057
585.3863929177829
1481.4582714224837
1147.1475298696937
1299.5923160601233
1160.311120314271
901.7037702129247
1538.7967555855141
1257.861319940131
1737.5318733658787
2117.9111546019076
1757.2729300088854
1376.5899679475167
1036.0456413963655
1072.2432438399628
1576.1980820142674
1178.4385948009478
1369.5745368264459
1506.448995322803
527.7405999707132
1526.8244213673897
1675.1235233443415
1642.7550906354322
1339.8321479439167
1087.3941533120433
1021.9722155318022
1089.267557412362
776.4749581469324
1588.1356195353221
618.8563256470477
218.4833889848172
923.1518460483821
482.4942984474806
1159.6981081243603
925.020373147878
885.6345518711232
559.6792562030656
703.312783974948
1448.47415068871
1187.3063890916728
499.3704622544083
1154.286670593803
1482.4365987247902
821.05879265253
1752.3168433957912
1844.768579477915
1334.5153686787721
1484.4192094775663
312.047201180182
1361.05407729939
1376.8926144041777
851.604969739299
1166.6526456385604
1166.2719661371177
1282.4480780676581
1800.5832447651883
1481.9581104942363
1279.0611489669607
631.85272560596
1923.4429774436871
1006.9565908174762
1803.6856140589089
923.8089077679783
992.2567279961719
1171.5653182888536
1392.787139598071
661.757166235625
1040.8770089955708
471.5047578580107
1285.1090498515787
1518.748177565202
1940.8632040247917
550.8930968818205
1842.3230945852952
634.9026349890096
1035.0119854279305
1017.9356665852483
1129.1280370406512
1770.8321514132617
1480.8214075272301
1407.6049784301802
1651.1455529349137
882.6381789228116
535.6727076418094
1094.1653519897393
1692.9907668693713
1667.7542766380259
1025.6213863347602
1788.2080092860551
2031.2835577940418
1524.3196401286077
719.6202914987774
1252.1389698322243
1665.6097706745566
721.7404085238247
1173.1082614483114
1102.127117474364
1312.9257468035335
1296.977326301371
1305.8613729059996
1566.2795241446197
1465.1584182053923
1363.6117733834508
1607.776108467898
1859.134611812866
1686.4356820045437
1025.2339341378813
814.9914476710874
1266.6532253333721
1828.1603900612927
673.2657761220395
1471.5137743445193
863.442738438692
818.882685560313
1483.8161453901212
1352.610137024324
1722.4368670998565
978.8543989159821
1008.8068216537403
1142.9946277322401
1070.9538521704228
1835.0437703865832
1170.976967300727
2060.8538575499465
477.9547061820588
1437.8325199468254
1281.804751303304
1304.7356388247622
1334.1618862309904
1441.8270972772234
1721.3844837433173
1336.365888448053
1047.534539008596
1297.942680975865
1687.2172669130578
1594.6596132932716
399.73947384254717
1755.143230402425
593.3348487032337
613.4570167809179
1764.4259535113606
935.2889508906518
1399.567341381873
464.75661481906843
1828.7132163625497
1632.9279348866507
1857.4836089386479
1888.0794470425735
1132.5816659896466
1258.8029376222369
1551.2977570063601
1923.4403458481734
1556.439998727559
1325.0562810858937
792.974530674893
748.3614922452459
1114.8449350895658
732.7197273106082
1472.3561672248804
1334.0632160030254
1329.3289249733866
1943.9515886900506
1599.007246546675
1319.3077662948128
1268.1820254787258
982.8381539015219
1846.6538175378248
1589.6204789376616
1909.2249142774717
461.43267991975495
924.7404333299248
663.7222871881443
1273.621981246782
1757.8290641836174
1549.4773187636606
1485.9241414306016
1698.2993474087034
1483.5367676727783
1096.130843379664
1153.1176312095945
1362.1006386006793
1627.9840921134066
1690.6428339899098
879.1683355830606
837.4208750007712
652.7314618111151
1490.9168768117877
1443.2574538024903
1393.758874674535
521.4241957625493
1078.1751803526763
833.4743976171491
816.4189092103124
855.7512238355803
1011.6414257061244
359.90605815020865
1025.5618863249867
1057.3593240845607
1440.2556564720085
904.5670700497556
619.6010400950979
1250.2351399377933
1521.5792035258721
473.90461280837
604.2889828359046
1550.9336581005061
1551.972419897909
1195.963984808692
1682.6205721323945
1573.7850455594516
1632.6954261445742
1240.2498395201906
1421.6616467837887
1310.3521852846075
949.9721476772295
1607.1017493164154
1454.960114530798
1084.7227070277286
691.1051056824357
967.6661689965831
1068.9988731707604
1137.8183385057957
425.8380525148426
1414.6514318382308
1657.015618050346
1539.2374480276042
1383.1956150873275
1356.1386205883562
897.5811342493917
1819.3475299999907
2008.4811651198372
1022.9132301966151
1139.49613266442
1749.9674548199953
768.0768818270096
814.6482477377497
993.1708325705682
1475.1023140465227
868.1678392312745
937.6390588329045
1797.3014071400687
1601.9571061773854
1857.0680792917872
1633.4762554102451
1470.935273309298
1770.260440971212
1260.9596208308615
1871.979775674523
1511.3351166767666
1537.9848866321456
1346.5766760480253
977.0399084691974
1616.9852986350413
1294.1150342448561
1150.0502322188925
1321.8693063750848
1287.3655196223865
1651.2363397331796
1068.5675415564986
890.8736050148278
495.38333013149906
1612.7990823065745
1652.6145561595808
792.3764884991532
752.3917734049863
951.9673377328635
1195.2760091037437
1152.3731264119335
498.67201059614996
500.2939599309851
1390.8075107919567
1621.7100124670299
1400.3122970551753
1459.8940055519088
2201.0965882716946
1912.2287925400376
1742.0771147790003
1218.155305528429
1305.6809827244106
898.6548204598793
1230.9620654439386
1017.9581999087059
1841.93862998831
588.2517645405679
1312.7758847967848
674.8427750213434
1548.8974515999448
1691.98600217231
1189.9432085343067
1524.8563752079956
934.1994328243678
1410.8211715097295
1801.1966598563044
489.2969920154886
912.1958388733901
1160.1947568968499
1492.994716384646
1453.0056340509254
1104.6321328246024
599.9951316473137
1388.7319717916007
1422.311865696991
96.82990560611104
619.8233616378138
1696.2836956723004
1217.664081806559
769.615489205256
1031.3292560383647
1587.7766493598917
680.0735757689807
582.2553553931049
1542.6929346622856
1632.566252814504
1431.0667461043827
1621.8601409009534
2188.632344338741
1261.1347897162966
1444.3018582633986
1116.6956006054297
1777.8926277374346
1504.518098962857
1402.2647622860775
1442.9491765665036
1842.4509516096925
559.4822146399492
1557.0641783958802
805.6187419327823
1424.001430795087
1451.6969492013036
680.9070652558898
1252.337082087262
1333.7750725482836
1271.8093998524491
687.2307599440857
1355.0281045334455
1850.873006004546
1336.2532030878085
825.7233758837892
975.5991818546262
1134.300096672368
1191.6838053280715
1792.465651873566
1590.8086839086327
454.840617772094
186.6534940799792
797.5892651587834
1229.138249946065
1770.3339967206348
1743.0777214159953
1284.8934601795586
1224.1997976180685
1861.9346614026185
1762.3546362678646
1625.3574884573304
546.0526875208838
1642.406342312911
1530.3820973701597
1463.8779357030562
1828.8859034477018
1816.566128232148
884.9309548129962
1772.4828391574047
1069.1376044346541
1057.9761779632825
919.2382002953975
882.6552111214864
1191.4621177944296
1440.5700943367042
1561.5982161628722
969.6383290054747
1472.0494500550258
304.5314301579988
1678.6713981532525
1338.9755710056816
1260.2320859265863
367.02150100367714
714.9608463849792
1822.6661214847181
1499.7785281886918
1865.1498479423578
885.778394623243
1929.5607503853228
1076.5644346017643
724.138639360711
1640.2393336375958
1270.3172017978893
862.2474393274238
615.2650652761812
820.0180790982441
1741.3699141281627
1888.8689627095873
1122.2760759709854
454.97809971425335
968.0339818480879
721.3973427832179
851.3430186674527
1824.5480694485254
1081.8693457172606
1322.3180670513457
991.8361258734848
1284.5973880304796
1293.5408163100217
1620.2295636910364
800.6918859800442
1137.0748561963144
1771.7993057896479
1654.6450487051973
339.9172686536705
2160.662302784879
1392.8631168313068
1839.5426269660218
1943.850372445697
781.6834739082802
938.2705469890917
549.0576648465832
1450.7739365349403
1571.483698725195
754.0927699868772
1068.098199701844
1977.3023036606564
437.2179833158228
762.495364386849
727.7486592535125
1507.4219437371264
1403.1311932552492
1825.8341745034447
862.7045357967871
1051.5505771791059
1117.302904321291
1315.5710576937408
1749.4864274313372
607.201023514537
1651.0670261074117
1044.3176479396386
1523.4886408071118
526.4764419432687
1417.6830734913215
1652.6569186240588
1658.2714701515904
1760.040339836114
612.7230877065292
1320.0503324580811
980.2785193909748
1853.7081359151603
1309.5644717603452
1291.683022212649
1670.3191343624183
571.8719855681378
802.9511336521633
855.2885019104901
837.9721769026833
877.3741702619205
1035.0022019664852
1515.1499796076735
1335.1652624735368
1242.9888856497714
1038.154775255407
1171.826353331264
1153.909808583882
1293.1064888655374
1735.4699882286466
968.4728765751803
1694.2994813262183
1588.967573330927
1538.5267472888343
1313.8001778021494
900.3633231715851
1164.5045980476111
1877.981826051666
1419.52635846162
759.9107521486553
1291.335280391766
1735.8753769099387
1662.1014534469407
1384.0442486787363
1438.4657598548522
1729.5810600773038
1159.6860027984367
1264.1782556698674
1489.33447036605
1692.5184755671849
843.4777713833731
1168.2132898476157
787.8888168592276
1632.2929366020799
1597.2790138450273
412.80177602704583
1456.5167898035047
1956.8969817738416
2097.128083717151
1009.3237019295839
1036.7800095632863
635.2966517519186
1023.7682670211893
1914.4305010402882
1052.4681155596982
1349.0306589550198
1122.8843860965835
636.142194844796
1024.1513577920123
1475.6436179668362
968.2000454963462
1750.8923757187501
1127.5910201259867
236.7438212901823
890.2243687502079
1506.4212675438125
1813.5712143341086
1385.234465124313
1350.648429768102
2099.3946220206376
973.8365836521023
1143.6870625793865
1398.6054338083486
1586.7115815246614
1134.6098645192983
1577.9395792697667
979.2918429172331
1529.5531721054006
1013.2071696431514
1477.951018451724
1302.2279011099724
1095.6783532288107
803.8787628309001
463.9853213524684
1444.5240417757375
794.3447481981113
1705.7950020839219
762.3365519590917
922.6008817432656
1502.641620993797
1452.9220954447192
918.1883028753301
976.0632526438571
1694.7534323842094
683.4928632034776
1982.8770507592376
956.6219825476637
708.4425445910259
1526.883780085555
934.5199007763346
1370.5320371099106
1942.1218683437223
967.5933259865283
1866.1075899047487
1804.7407885943521
1626.4867084913647
724.8252584346683
418.57134941466256
825.0018424382761
1016.976498393971
1591.2753922611244
529.4602098647392
1608.2660457562704
1747.2255441990053
848.2304232340991
1588.4453879648613
640.771925229139
502.6355964168439
1322.7264926706287
591.8992223747215
125.72439483105242
838.1276298220399
1434.3674750913074
1498.1856394617646
1705.4719867705526
1921.9699333010312
1411.019917979576
1741.9347602842222
1755.4275153508797
1247.366232272307
1295.4034652362604
1681.9356753705952
786.5790523860176
1205.2798917082755
1427.3006020883681
1982.627357771839
1198.195006581447
1585.6153765219933
959.2753196248267
1580.1917080294324
1199.2231159920398
1133.348642280964
974.9729444273337
736.8011842882612
2136.9036374787192
797.5971746932593
1534.6126258770498
2206.669113568042
569.9314075666518
1668.5561852932708
119.19160177638162
2089.2043036328746
840.7423917571283
1703.6569931937188
1525.8251438046727
703.9362932914539
1791.6997131588494
2124.6818814739177
1167.3294326181651
1516.9970031820617
579.014780990885
1321.469234821172
1551.7309468170822
1017.1664735870016
947.0098377441234
1942.2383834001387
669.7399375905206
1644.876642074148
1345.9942047239958
1143.7956243947358
192.10378242156622
1850.8414618757656
364.1317156978864
191.06150376559785
1210.6991264623023
889.8281199853252
1636.8127075279674
1424.9789866143794
1625.0758177536843
1828.7460016722243
1362.7027085471325
1126.5296730857217
1571.1475279680587
1054.1370671303098
837.8373883682008
1806.930259010525
795.8826088141095
1370.0070264047217
799.1951530036666
1229.4474695645022
1341.0620056802386
1797.4318413068536
1470.6090531546104
625.1765236260538
1226.0343466008103
1244.2633328581696
1800.5934591695366
828.2286169335711
486.81117121335586
1010.9279789388505
923.3685127047861
1302.7057490921607
874.7367718198836
1334.7971277954446
1109.561429377021
1565.7428286767195
734.4973456333851
1621.4966242368764
636.2362860622135
1883.0480116247065
1745.6589357699297
1662.342081011914
822.1896762506445
1053.6722147192354
700.0683499010258
1800.876332215362
1290.8279279878425
636.37594147239
1566.6762689617333
797.9599494499939
791.6674711327653
572.7919486343302
752.2952016741558
312.39380632215887
1817.100336974507
1918.9080222429734
1380.4895600802943
1234.858922324922
1095.238707840474
571.572537474509
1290.034596359927
1823.2290404154703
1045.9903796254584
436.92228086786554
1160.885228404405
1289.20602310807
389.1299826948794
958.3936821369017
779.9499006812296
830.7905947392608
1027.993114046997
1765.6707298518188
892.5208845598112
499.0690131105333
903.8567889935191
2151.892686773477
1448.2144643283166
1711.9260036180387
1948.0545993253606
1197.3242874103876
1199.4321690077973
1966.105972932346
1045.7255477382048
765.9559154779575
995.6989953446202
1471.3260313883802
1206.9388658368284
1505.9028848725004
896.7598544999973
1503.6136438415413
1676.9323039428918
1234.0730251620146
779.6066199160225
1847.7216850821053
1640.6574816530654
1306.452216887394
1564.4580098790634
1232.8606185069661
828.6116315151936
1644.1580508791785
1210.5288923279836
1014.0958247920274
1505.3503951856794
1731.0662539252062
1134.4146881578877
465.2931757998587
1339.776796531101
705.0500910471561
811.7404045574425
204.31714668165182
1204.3517532071944
1815.5708092131938
1568.3350686121894
1164.712929577828
1210.3669816852796
1648.6285815505269
1690.585691112452
1226.5748603491884
885.8744017464373
1211.7420083007764
524.1445961174028
1879.5774510108993
1499.2260543699795
1059.0869289656737
1496.038860707662
1070.4567983814857
1639.3814039107262
1702.7828564319966
1370.791381689145
627.9353475671254
732.8466282484778
1543.379475242541
1956.7544507738514
1266.8210590535264
1041.1240067969732
1171.9652134994403
948.1156435991669
1010.108885420365
1998.2153111926223
1274.7145885471577
1775.6316430624836
1281.0424253033682
782.1510628366939
1690.8460280222873
1069.4644010235852
1648.502092663346
948.4294535835177
1458.6920659151292
853.0184185045226
928.5380481040114
1268.4192461717753
1508.5853446341384
1325.546909849693
1113.5795601807524
1626.7918155770515
1120.879072859769
781.4874473518147
870.3427828770108
1689.1055211179455
1765.651285052162
1287.4596924987295
1127.7437953510996
1016.5123495194238
1435.4518399954416
654.8592212659743
1745.7397309113392
704.1969860670404
1803.1842090066214
783.5740131310542
1191.5106784027387
519.9615613848149
1295.8303303484004
737.3765420511279
596.5196063388236
236.18003831361779
1775.4128552080886
1725.7363804001109
646.3309894653851
1093.595850703796
2003.396093723682
1874.9538330426228
1088.491936554976
1867.1946508330388
1106.811301181318
1598.0485905955359
1221.0792212766871
1210.3431284044925
2049.183551741504
1012.2941071716645
539.9520774467142
1848.9095055350779
1247.5534009414012
1180.8023174453378
1546.4303266697846
2206.6146810221007
1396.730365440902
1367.6562378315975
1574.2878034584671
1365.6375849341555
1106.823691714651
1256.537038496969
904.7755489381748
1310.818960225213
1154.822221695302
2145.8466517042452
1415.3329519684564
1376.6570204972747
1363.9864172170264
1808.8889563252171
1192.865970316781
2089.231344745437
924.1401228692175
1333.3501896791602
1354.1461812301359
1366.3557987258657
1987.1517869413099
513.3526230365715
1073.9596960499907
976.5952544349248
2303.1180546058545
1636.8106135599476
937.312041739984
1768.4903362604728
1567.9503738863411
1734.3696913116348
1583.5271804959204
829.2985742058931
809.7777472787133
1507.5421937010417
344.89997933922325
2122.788662946597
1893.8234051704012
2146.9216025500546
1649.9315992792117
1365.8704556182126
1485.829262767108
1425.2954054973347
1821.6438774731273
262.7938531047014
1752.1068578044928
1106.5666646205761
920.824682778797
1879.1883285569365
1330.4184482892156
1160.0479653587818
1650.2147074592845
1744.087115052699
1418.231882869954
1458.2729416713253
1272.4869581469811
1297.4254803501287
1564.116402045479
712.3388539806948
1298.9849179793891
1060.1502836611405
1090.3188846063251
544.6949550927832
630.0777132012862
555.0271578066544
1359.1069879413292
547.9883360850745
1256.4373885007822
732.952749087151
1476.882238914451
1737.3385249961711
1650.8161840486036
1581.8140338967905
1804.261340213736
1394.6773741843215
1092.7583461262857
1385.896222729325
1913.0511544762978
814.9524580628485
462.27492347986646
1121.6698319914813
1519.8455916156818
1662.2025642294868
1657.3592669501545
1823.628201254742
609.1708892100852
493.40827616664006
1639.4674772472224
746.5694142271126
1841.6403956530867
798.505880687888
1991.260013188486
992.8458212556246
1582.572930445925
1154.4072672494053
955.2028995851136
1111.0415278326989
1328.8084430393276
2134.553958685934
1101.8647514047364
1914.658453304892
1343.8758452226577
1312.341508573989
1368.4272186778005
1398.2839623207153
1989.5088256146153
1356.2987273399442
1457.2567707055716
817.316732418456
2022.3315138661005
914.7208950224897
612.6913956146102
1093.2988412605202
1082.6883490041064
1331.0159620939994
843.9003672705119
1093.6283599960059
1163.2673855664186
1809.0989855513583
1336.335246331708
1578.921982956022
1189.1321746615054
1094.045385794625
1307.8682612003652
388.499088429396
1502.2353905362925
1269.0349198460747
2123.894110428834
1937.9348985226427
521.3034423813657
481.3397678513397
1365.456778177679
1938.6625375251676
721.4969592801764
1803.1103664955072
627.4445002596266
1077.4826249333323
1155.4136779784421
725.4561083348209
2062.008361912679
1506.0336402691134
809.1765867154895
1621.9781646189851
1636.2340585042018
1246.757875440041
848.1941055339291
656.4338963902928
1580.7240212004126
1477.1193721067707
1937.2098058145557
1452.2005987662453
1453.588317617115
1703.859993519724
899.4435267053238
1858.2476549104415
1670.6382453770557
1287.2523692510524
1701.7858082343735
331.1557916998869
1746.0400085292497
1197.798141578184
1655.4566321886655
364.38263950031535
657.1817706372966
2034.3256323018197
1645.402074480632
1230.475876551624
736.9576620083797
1303.1019987704474
1878.7928752174155
1723.3039636021017
1266.7571767416682
1397.9353835668753
1533.1742533806203
1016.1018879843834
1484.235029201753
1525.1633350197646
1253.946303129861
945.8132144962557
974.8572468552045
695.558672379732
1614.6293882648345
1783.2859836071261
1434.4999912634257
1739.6155749621591
2033.7048484758327
2089.480095645206
1301.1601734643345
1221.1132290021908
649.2840158479462
788.0743130130351
1280.1865952662001
555.2428712948231
1252.22766739321
1192.032392852602
1924.294034673876
692.8556088915335
1643.0267498230994
1579.1613689064427
1525.0604779148
1477.8365127714187
1014.4812959076727
1688.5845844127427
401.4975428520457
647.1284395995597
475.91407269738227
1321.2716258652333
764.4927054403677
1874.3878093681224
1402.2614598752618
1964.054256682039
1270.8617614417517
1146.703216885336
1060.557825555915
335.5143168124143
846.0979652103218
1655.0415437445556
1417.4649312309912
1618.5640226132768
691.1347051243796
786.2278803449774
1278.027965371038
956.2221851679715
1206.2989715677813
978.171479419803
757.1583414371588
1130.1829911234574
1315.868712550607
1676.5281775316062
876.4860861380192
1239.5396719936978
332.26896807481404
666.7107384785247
1608.3309063278048
1249.67551255619
1594.9617746169347
1152.4329633072493
1572.3916086315965
1200.7173651879664
1713.5425811508394
2043.510603680216
1087.6632837557627
1694.8437789069362
1637.1224723732557
1441.1150518319162
886.9054023298133
1088.017691582351
1636.2958014106903
219.43597105698777
1888.460167151201
1850.9584362740638
1045.0657903704407
1378.2390218251066
951.6061712272976
1429.3680705865133
1184.9190128768944
1300.2472353010844
1517.009839043616
1248.1163355722765
556.3352904557303
1691.2289639142916
1484.9225874987299
1682.606598179055
588.8218552008768
1007.74575221225
1718.9489188322102
460.92847774805955
1647.6550842967429
1726.8396956858667
847.2310786862159
875.2148192164736
1748.381770838047
1376.2954355878687
744.1084910890156
1732.6985850462202
1086.6430942050242
810.6655426603063
1335.572860523196
1656.5165396364134
922.3221509413999
944.9358390314184
2077.28236719421
1101.7179148741238
1013.4883210202554
1749.801601812643
1586.8996461035329
1345.0666429990606
636.7923471772143
1458.2377876098842
874.9801142387424
601.9004221092446
1139.756300728648
1005.698922098537
379.3400616208753
1384.9698119401148
293.84436524986796
1541.2972667265076
1387.417640007722
1420.6551256171615
1452.600365491492
1578.5141568952943
1365.6658899392778
1280.0272284419682
401.76468757825995
683.9169436962528
1369.5633516530704
1755.0969920565192
1095.717387263992
1509.9791925823451
1633.6061471930334
1601.5348690580215
923.8858797836508
1122.0737538138012
1151.2843650871544
1408.5598650443146
260.5048078434299
2037.7202288579103
1128.6094531405663
866.4535505779038
645.1889912616109
516.5011421123543
2005.9850870862388
1175.160585614523
1061.2033650926508
1811.7842145399818
2054.818509730295
1126.4239971941429
1627.2356334842543
1358.8636063355325
878.2686866139832
1585.6349801142285
1216.2893933493592
1642.8713412970944
1561.8443560670676
1498.6324170308578
1841.3836099950688
1307.8041747446057
1502.450791580498
896.2702530859079
898.1692742535041
1738.175854214309
1802.6174691849078
1551.7685229951967
853.7260394337841
1896.6092432875948
1058.1249121081817
1390.2501061745609
1565.0174886062355
1136.1951593756023
1514.9245910162558
1009.605423191476
1087.0382516397115
1062.4020647914672
2132.2715354064476
1037.2069620314314
1753.9278628732263
1439.2180319747758
1489.1957090049546
1945.6778696835156
1206.8809321127608
1063.9533340885366
1157.6118371239759
1277.810809535498
1599.1114637176927
783.1751595643136
878.7084689745659
1273.9420472822774
1034.1480893461735
1695.3875558160287
1450.2541203121834
963.5290783799354
798.8487751119941
827.0848729781242
929.4148128749132
2032.9245417590678
1440.4372669915501
862.056124660065
1890.8834629317446
1540.2933490953008
1613.863060551675
2231.1153707042276
1640.5186344563344
1556.893032845516
1538.6166347631226
1410.307804301167
911.338220383521
419.849849359045
1320.7020133653418
1900.1244044090913
1605.3626350746233
1440.2405031962323
2054.0491841909284
1339.2758283966
1689.2215320545658
1171.6703889240996
957.7381165886324
885.9348915826065
1559.998160379264
1523.3041901553222
1469.961219034664
1113.176437145384
1661.236366805751
1429.2679966677865
749.4303678564108
2130.343933347105
1256.4577440998085
1925.828621303715
1925.0419156148785
870.6358162617424
654.3069761433044
1186.3931857007583
1818.6071684290152
1550.169192023419
1415.1541241290795
796.8411855326708
1887.483502828906
1667.9740604271165
1748.0718523760206
1422.9576551224452
1495.0017039492752
2113.8078900946866
325.322672436828
527.8554006156363
1386.5699573021577
820.2082367008751
1415.8761270043062
1091.943915037691
1922.1278820412317
700.5205382534298
1120.3415144438586
1157.3492559999008
952.2139096132911
1757.6109853999385
1468.2654092547962
1236.6244387082145
970.3617510746896
1426.8771728030467
1577.2841905447374
1367.4963546518168
909.1883624863474
1926.1891950089525
1186.7092367694145
1326.5397365043787
995.9052575224513
1194.1447674666576
1529.1157993808147
1205.1020653688315
1112.8683170678694
411.2846852647832
719.7768040403372
1173.036436160195
768.3459272511825
1455.3682500775567
1432.6700093917188
1274.6627699830888
2037.572721181234
1756.7647845719343
1809.2842514834485
1525.0823273812737
1695.0369535954671
1390.4827562878436
1715.335594237988
1372.1121541959521
1632.943342025754
1853.2916705405203
2219.677579969943
1313.0038446175804
1827.635717697581
1261.0531140002759
1509.9477873292396
1845.110820784521
1010.471918393442
749.6073498928008
1874.8965206097691
1636.8044883656303
1330.0402289391475
837.6510354251922
1407.9447184235853
2059.4474108124728
1587.4415639346018
1649.1589278771864
1335.9283786869637
1835.9419882373913
771.2677923216871
1394.274749450816
468.44808458254033
921.072504760058
1466.2127876912966
668.7891848639955
965.8651619742318
1545.7777058239392
1940.5464778207242
1803.5655511155355
1336.9973836739696
1010.3908015587783
903.507322076772
1190.7189648399274
2244.7924519064923
1672.5583632146588
1231.250863460584
1927.392910753981
1234.5997726409898
873.6933624208884
1443.9572569309375
1148.3260695104516
1183.262740721044
1030.1110271262694
1485.8756978604563
1812.6734428926097
1843.0915071850711
1823.7871594524001
1372.953360226239
738.5922076954273
1969.0560601522336
1006.7880125154034
1554.2228368700735
1098.8906164263767
1460.8966392606128
758.5897306500664
843.3237509595101
1029.6570787648516
1214.1822146505913
1022.056739231597
1613.9543428086986
662.7543822859502
1389.9227869950282
1663.9845753248462
1457.0389890458014
2047.002148470213
1637.256015077752
332.9364148815766
1013.8759539944161
767.6546159941199
1235.101169614564
1900.5924801440221
765.3502398341906
1642.282439646328
1660.0024405859685
802.3159379852726
1199.0767921188
2047.8781241140314
2044.2939672786322
1392.7912961913985
1390.9055137754294
390.2266160335382
793.3448547049111
1111.7550662126148
1464.016736137797
1195.3069417504669
1166.9257569965625
1573.5261241348053
1430.5076029103745
1226.2001477644856
1447.1441651335294
557.8002021262365
1470.9083971934115
1722.6443370078334
1807.1242267465614
1738.1508030742953
1684.3066049796976
1296.9820712286203
861.3968924885094
798.4683803368522
1539.793666372506
730.6752131458136
1207.0441676119847
1224.8117691085024
1689.1375374360784
783.499174766089
1598.7484694515813
1808.751036501786
834.6411387718467
1677.6202153998058
804.8512690979185
971.8508808083736
1506.9377052957925
1302.012715882808
1729.2919267728482
1763.6935021075064
1577.1133922185534
937.690640258992
1411.7789545648163
892.3286097394295
1021.5717065509758
1278.5335849933717
1124.9499523633583
1831.812223822394
1499.4948524185406
889.7118281246811
805.5659603951885
1418.4043640571174
801.4893567704394
1674.5878438741552
886.6145818560924
934.2491422129334
1523.1730633261366
1301.783838135525
663.325346948626
915.8793822927973
1349.1481386170044
807.8954866429226
481.45055302362346
672.5597258695689
278.8056271487997
1110.8726031428655
1833.8978118718965
485.04694651022675
1544.9408838457273
1556.9034253375971
1447.533841989012
1721.6934208848147
1711.6595110536912
1706.2466343096362
719.2581811623825
1243.465702690832
1972.9306007418993
1181.9580748378662
1545.8300920694912
1217.9887890518696
1286.0486201340536
1462.6459178478488
1199.5788988110035
1037.2736786705684
881.4833899018045
1689.628156352258
1288.6444693489088
1565.916770227551
1103.8129475957574
1722.114383806832
593.6690180735824
681.533132520177
962.7465554798378
1710.2090321027551
979.3464714486787
956.2414760340048
787.0608576811817
782.7302239489716
1360.3348307876768
688.7245634539531
791.818054126028
238.4935963220877
1384.5985414917009
943.968122332353
705.4893514393061
1867.4773969884002
724.3423970681907
1819.0920038724207
1135.8661034358288
1692.2963825672603
1747.3850904419885
1554.6486640412656
846.9330201926396
1615.2675817551026
1563.515908919191
1810.325125666274
604.3958261198244
1020.9451323776065
801.0627281335487
1512.4522242515118
479.060683279521
1243.1206082320045
1497.4843235883618
1516.0220989209413
1914.54357289904
1083.2498310843434
965.4048921007237
1477.661346450126
1603.2944681570568
2335.9531622667446
1764.5481272883428
1358.2389186404705
1750.315445704465
1302.0703083200044
641.0911334727556
1697.4366963984046
813.714050274079
1831.479682588218
668.1999725053024
206.6850035544185
642.4293308872283
946.1652000390969
1460.5830704831942
1993.7402632533142
897.2040762473056
973.3014070106885
1333.9710885009374
721.4610600240666
1226.0552446927372
1476.1873326871269
1401.9861310448784
1417.0240296244424
2190.853953299992
634.1978314177021
1311.005787899343
690.3860280202404
2079.1145324065033
986.7968559160213
1224.6034163617187
738.3363624751289
1798.4800146140801
1004.1076344102088
1051.7757899813653
2136.993114129177
1196.8866489634447
1180.857573756835
1702.938716000518
1524.3434308850237
1374.7603232574759
2098.7671513846385
1288.585808699992
991.6072381932336
1500.0395497980717
1273.7482379705227
1377.2391367152238
1034.2135389543423
1471.3700958647385
1023.7674782041702
1325.9806240299242
1266.639778418011
1658.835064247304
1823.7098807207644
2098.3836270366714
1981.4771397207353
605.4855460562228
1211.7008829208473
1441.1618881401546
979.7341285472394
481.32121883934195
702.9346626387038
1086.1518059481132
1905.3466156911338
1142.323277719739
1277.4884387418588
1920.4707412434184
818.5751987959512
1271.2232669780044
1572.559055135035
1521.4135525544339
420.4872482071541
655.8776267959381
1575.9066591321025
1648.1891185469603
552.964370260917
789.3859558088034
1884.6769807069143
1697.921748821399
1365.5804652860934
1663.225036054022
1177.5348793196722
484.35612148727546
1760.0859520685176
1138.0553895446487
1098.2469623661077
1960.6004050976394
1042.192135864893
1876.7369255902445
772.2209859847568
1742.4446069222336
1448.5571792825535
1754.6120547373807
1700.0559585514045
708.8742754394514
1425.1878731468703
900.5937141086945
1624.6708331122354
1895.1858104055484
1053.5095400713178
1486.2935604963566
1355.3331662370215
1482.5499048043062
657.6495282952654
551.9107586155345
1054.6783662269079
1537.1393535880707
1934.9298826324643
961.3646265487166
1812.8007106759835
1286.0906555582862
1195.7214201132538
1275.1596986799184
1292.0943377747278
943.0372851345466
873.9309950835261
1789.479880382941
2099.086907484675
895.9477735104349
737.3042982739514
942.5943298781125
1223.255313658753
2188.281342359731
647.6606905492772
1873.6190685858853
1275.857835014342
2008.6061781924307
1273.8191946479328
1796.8269088480765
632.3025148754692
1508.4643191594996
1115.7484683106227
1064.3275451201469
1280.4140708364587
724.245993797625
843.1704839325155
1643.9064813197956
1193.6780344095703
1782.9295756306658
1084.8958164717378
1357.9973792043213
1408.9246724005636
1405.727953878782
1351.5480673303189
1308.8684437001325
2164.2607450362516
1560.1528277209482
1292.1297755398998
1008.9827478608852
889.5308526862874
1793.2644560854976
1634.5254650664183
1238.0611893260786
574.8453875306137
985.8717974573151
1958.4564898693452
1170.6158925895018
1707.1330054008833
2146.8647561958896
773.7447073861348
1053.9875819813008
1669.685275944501
1516.3712565859616
868.6471114010845
1906.6478271085139
588.1523126982244
1499.3383610392984
1403.8031830194964
1454.1596740219898
1233.6579566568116
589.3811323384917
930.4738454572206
1470.0681287054913
618.9714137346946
1483.0156003851205
1501.6086454103972
1521.8086538422249
1469.257420254535
1094.6866950277702
2195.042783526985
1702.9042038683183
1534.083269495706
1482.7736653957788
283.61800404333457
991.3542767393803
1062.79837505957
1396.16241816116
1561.7307361305147
452.810536190916
1281.8924414508567
1103.2888022953223
1503.493621682447
1806.9786988314684
1205.703971122221
1776.05942952644
1820.1875652771548
1008.9895016001159
1331.2484328083196
1788.3818891735527
1372.4007982032617
1363.153897410425
1202.6786199489484
1093.677757874202
2183.3492092996726
1491.5980109182979
1241.3416080577474
1259.996303019645
1583.3069026830387
1222.9969490403146
653.4675765104909
1266.1569452206693
1845.0912705504734
874.8037482927718
1208.1238117798832
1431.3445957984457
1432.1841758258502
1253.1745040126116
722.6056835288266
742.3821548840325
1767.4263622629337
1744.8265823317727
1180.649271186462
1115.7169491621391
1987.470498826967
1268.3065010045118
1880.9462196841218
555.6144300309406
1206.952458018825
678.4587444415072
972.0489663557448
1222.3964915132374
779.2219211763636
673.3545425177577
1231.5529758540401
560.7161959361498
1686.4938433745128
1007.7638385318899
1276.4836126052187
1646.7708196356673
1171.126430069993
1470.2524356766223
1339.520820158401
1046.2553558714792
1255.2659587038129
1370.5030503214882
1343.2889075570884
1178.0745925083781
787.5555173004328
642.7826866305076
861.0716248142979
401.1941923851245
2192.1727484923817
1546.0462175205644
948.8431229148349
1171.5494575300258
294.7532208683163
989.8817822803567
1375.0466580287978
841.909237247094
1131.4048135495825
1945.507323476506
1016.0904061184093
1062.333096019939
1100.8551379250139
1860.3760343726713
1590.1832985869378
1434.9630090344501
1565.4322338587294
845.9131353323262
1894.7950134435291
1657.4800039027048
1402.070927661033
1405.0645780895502
1241.4517476228232
540.9038651571765
1397.8080789291869
1173.4009203844532
957.8228406208194
2061.595137989504
1686.7252756410005
1713.160868161794
1123.5633859718134
1297.8301325006223
760.7791139249227
765.3539945368137
1734.450343405565
1171.1839221009598
1465.4540082392896
454.52244920469616
1009.0810698045294
1529.5261396615447
894.3023778738655
1343.4380711044016
1511.225184244787
1665.324757359616
187.13644145273096
1350.0539256890488
2214.033261887609
1832.33924289563
728.7811335352404
1157.438779579825
1384.1265686947356
1697.2283739280222
1895.5360352565474
1876.4137998065014
1221.1856165619074
1246.3803270794565
545.4419349974452
1247.895830499033
980.7005076124533
697.413368816864
1386.3925955569791
150.383905144915
1650.9733177954051
623.5208378512455
664.1090062943953
1586.934832617968
1211.0418358673357
1794.0346119835344
1209.2907217509744
1752.213264374098
1829.7237047233327
693.186400710752
1776.1102427083908
1337.3111259443783
1777.80624394069
512.7307710088069
587.3327980402181
1534.9615873433916
1702.7351646197817
1333.1935353061717
567.837615242417
1655.5567027267543
1919.9567038633863
882.0376909549567
1042.066983728799
627.6564615642551
1480.6149278785058
1912.0292991619262
1378.9763914243294
2028.628046008293
1600.0399709933567
1367.2720333872319
476.7368448167992
927.27129954282
1445.3225266797426
2084.4092618617683
1487.30367239407
1789.9575294625397
692.5582179721473
1382.3104103115627
1372.4997640668048
2163.400332790928
1149.0296059398186
1000.9219596163526
1657.5267662234755
1681.4031103029884
778.5076958962844
1557.6142451175185
1349.394422932256
1562.00184287744
1467.4189194276985
921.4171011027704
1165.7400924087956
1247.7500472266647
1926.142497361547
602.6973010801921
848.835727239633
1935.4569996366815
1569.1757774324076
628.5480280066664
1260.935820582098
1020.902397318288
1556.2865661607743
1525.4350286770698
1998.9704145088015
1235.8929628223484
610.9755250798821
1478.4136192075953
1447.8896101309697
1538.3906133443018
759.6101896372469
1415.2872489920942
978.1278868442008
1048.5583642752306
1066.9826882600703
1203.683814721449
1946.3303178669232
1423.6220555139994
820.8457249923574
1514.0463692401001
1241.9936344296877
853.4057708780672
1339.5002349532415
2010.6172330092259
1543.9941501986036
1265.0957933696054
1489.4302253348428
1144.8368913206152
1832.9276426069148
1352.8510825715648
1803.242457060025
1790.9553603917582
1061.8380115226837
1424.4394602418647
1191.046365333455
1083.6878867794876
1631.8156110395403
1869.0634002906809
1939.8212333315569
1261.8225656709885
1503.5547137045035
1717.519811640627
500.03842021986964
1274.9983599916459
565.4851896280854
1351.1304949647936
1589.4199243554644
1666.809459119389
1275.4101858366341
511.90075527079347
1043.7289756431933
1384.2750769205668
1563.0116189920964
1205.4689480097534
1759.055325316633
1983.6490269093354
876.1517324821276
1712.395361903677
500.89920493834546
1341.0258103880824
931.2354629804626
1064.2914859824664
1060.5320143747904
769.3178957376958
1541.2045667311083
1318.9633368246573
1102.33695122892
481.66127895013045
1307.5982157693816
978.2413374979915
1048.7007431694813
1638.3496971174518
1822.3573435249261
1269.851686260967
1616.5042317528782
1476.8764469707653
1110.601198555263
1046.7412657870318
1020.7232891462996
1216.242723574072
971.9152546234325
1839.9960115324297
606.8154964537865
894.5728178878776
1647.4358245845685
531.8532414761255
1785.0574360701414
1434.6682682499559
1236.8332059953798
1095.5148469414717
1613.266481888808
1321.0055105387544
1964.8476045218365
1799.8114060424316
830.1522357480152
1753.2682766235105
907.4130874034262
596.0964217597884
1265.297957921349
717.6999056905976
1880.343531455105
1930.928878945423
1445.454169362377
1304.7237599296561
1459.1764671226035
254.7474406525911
1713.2163485980016
1085.0552542236508
1144.3672917945546
1689.0583838166185
983.4905359297964
786.006138084311
1767.8999924603042
801.9219075178445
1254.2354274164763
1513.4863936860695
650.7593027930715
1484.4564328795866
532.7208548783262
493.2091180592358
1330.4495257596188
1438.153802191089
1132.71306456957
1701.9878743602926
1100.8670706319217
1046.3957743643693
1914.2413390722822
1366.3711710393607
1439.5199987465403
1328.6461185962835
1305.6103127618744
1315.8404711684066
650.7031614891531
1542.8583398881449
1780.0984701532877
578.2673790555532
630.7613202733268
800.0316184894434
1495.475699303809
2084.9696069508086
1024.5235604974355
1877.5515106216508
1288.6524942996712
1150.8492816116113
1956.7052783678225
803.0697404939327
1859.1098410729123
798.6797184410384
1118.3337033997825
1054.2646770374554
777.3111086358551
1683.9677760997517
981.7931657223139
1070.3670567575239
1808.5021392153967
1350.521947678755
879.9477135467323
1588.653878061646
1944.506382678919
1242.805439614496
1417.0221890317591
977.3512913582329
769.4234507947446
808.1167867753757
1553.8486454028462
1328.9427940607359
1841.4995280785429
1155.301003621788
1122.6171314703972
1234.9836456735638
565.4739237240515
1814.182271528261
1419.6907706599272
797.5671475653925
1463.7549581421724
2023.3032876005411
2276.968744644447
681.5777684162706
1444.6850326848273
1439.8234879045995
670.4704333843812
295.5657290705271
1417.4796029546453
1097.6445950328605
956.2288790501419
1028.1995021511839
656.7151413964358
1585.7528804136127
1758.1905057799518
1072.3396100247467
1688.4931380241694
1416.6737663363426
949.0107004486347
909.8934190284169
1197.8662941622492
951.190729912417
1034.9702644912934
1341.8183877620586
825.5216714553553
851.4606060682328
657.8090275007895
1005.5162877245222
1930.4577166786535
2048.9588946573836
1546.0541530357252
2089.4785599662046
1146.0185940348001
1463.0471653492523
1358.115406812423
727.6836473676458
1045.755434820832
1738.6616146312485
751.4585889873964
1517.4573194376553
1393.944302466602
1989.963049610818
1007.5499113816074
1093.2164501285974
969.1517717687085
1755.5480723850749
830.764452396943
749.3233959175893
1424.084883005475
1119.1815701603234
878.8957901313493
939.9342580056846
1044.0090637249168
1131.72777039312
1429.5247341783768
1253.5372785283926
1170.741961110575
1842.667442656921
1387.0768786682029
1593.3201129061981
180.33126153886752
351.07566595294486
1657.1216573258712
1348.1016212418458
810.3667041476267
1754.6310379992997
830.5206440011284
1045.2708812610288
640.1062105277682
1499.5346743886837
1263.3911197379352
2059.1718263066577
731.6588732078429
1478.1124028964266
1208.5074634644961
608.3490126425908
1879.9966097504528
1215.2039693053684
430.5127320366204
1175.5604055032484
1499.0300496572183
1699.0574919151109
1012.345987583148
1722.6626099092493
1039.4634376718266
479.67323272174167
1767.9351719928277
2058.829179884518
1424.6760279786658
1651.8836604402954
1094.4555342285844
2158.4394666848
989.3373807796988
1632.8164286815945
838.5002513473111
999.4873874049523
786.4171441693004
1128.22323155279
1397.7319838424528
1355.230420089964
894.5244239999423
1451.7297926876108
467.1849933052165
563.3264678748536
1294.6857434979456
1100.1409010274006
1684.2558245910118
1771.0304588918868
1307.7590919879226
624.4325000132928
1180.611566219009
1011.7687170651106
767.0372845620797
1372.4054405227353
593.4635514781594
1078.0362516971843
1371.4600599620564
1341.6139856943248
1238.1979237412882
1529.7290539421574
606.182488653641
782.8382172086964
1660.083594084636
1384.5312500216214
1644.205075899453
747.8145037622127
735.2081148519165
1975.1686762533857
1013.8970724400738
1287.6476363470802
1383.312163733788
1488.499007837509
974.2443126000503
191.73391529242755
1976.2119979192098
1228.1356813518466
1616.6077521354255
1180.644330138205
1316.5158980100962
1115.5767411732763
1946.1807789640636
1499.8045018758494
1802.4400316316621
1427.6698089944382
1490.2652129405678
662.3175591013459
1775.3534213864943
1591.7429468863718
1050.878047093146
1462.5081433629205
1864.8087865470425
1689.770495665066
1284.5231601492587
1783.7117132505878
1650.8872161249283
700.2634335647193
1561.0252219853571
938.9311417211284
766.1685243858378
707.4949664298017
1368.7034771074698
1895.2698579610621
1041.9501519354308
487.91402259310325
1251.998057365643
646.5517773240412
1498.455055433614
1304.338415908141
1062.8341112879618
1387.4890862993173
1426.866371634752
1147.9593474832618
873.6990441612586
1784.0245272568525
1141.2627999996903
1076.9393112228233
1194.898724302324
1308.4943163845676
1526.861382064856
1292.29846712237
699.84187140811
906.6255384033777
884.0422845852391
1953.4408212617996
926.2379767858957
1379.8383396091424
1112.9813673110411
2210.328095306523
1615.194812444063
1139.8559062409104
1886.7357093239698
1304.1907131018322
1685.3610575298922
1191.5589127826615
1144.7536802254385
1274.5922746251551
1633.998943298104
1172.3983018306935
626.932980573897
1318.9135898453665
1032.9367347907114
649.6580814187852
2023.4738783497157
1101.1540237982406
1740.164579862808
884.0702483705869
1502.2884317354237
989.591682263018
2083.911736486225
1566.6906648746888
2033.650495776452
1498.5217645686403
1543.4877386502562
1512.3026775340275
589.3280722440181
1308.0254438680574
664.1356290875407
1260.237426569959
1019.3602300102885
1092.7467611921586
749.1572014900654
1688.0371682567102
1502.5238198538593
1337.525152725672
1087.6239071135994
766.6150792209294
1334.5354142317335
2043.4907936495144
1802.9635055441352
543.4255502895843
752.7686195738332
759.9093994676792
1373.118293757132
1202.9201011309665
1346.5653703921585
1460.4933374144437
1139.169565557155
260.0214299072578
1473.175112924673
1548.333028759224
1015.4523690512208
1209.1258053930533
840.0550414605475
1649.0703831268897
1410.3132939483394
1033.2284249390368
446.59607725691075
2233.5166520100593
969.4582959175447
1432.9424173905081
1629.5625869914816
1254.3299995562716
1904.142594141471
1176.2199323821792
1517.899083036077
2083.860010839808
277.6961975338289
917.959567801452
284.9196798536146
1521.1444607965893
641.5437160482107
797.9840757739754
1771.3582262957225
1518.3800061394368
712.3980453055285
1000.2137010140885
1256.8199418789757
1862.1800904049505
1720.1792501492787
266.25006113002826
1644.898861977389
987.8702992849561
2080.214205913841
917.3704069794015
1906.471621587908
1604.2362928683965
2068.3107983711525
1444.798531717465
1399.1636260447585
941.7685934854877
1534.8588568268942
558.3911998898072
1396.443674051509
1464.8352250851442
883.9427744580296
1040.8036751399213
1386.6766159486278
1329.2807471323706
1703.6848072436605
161.29469028663885
1622.4933175719145
1656.8733067356432
1036.416161621643
1046.011618981159
596.86150182613
1528.71612132394
1094.0422005023634
1093.663961116111
1236.5091578897363
950.300689635046
1164.4853065350253
914.5079507516176
796.1087247029435
1467.66824225752
1359.8157138142944
1090.6968105936264
1194.569512748828
1130.2651216442716
1676.4698294731943
1691.138201956695
1025.1795392902156
1043.2923221924677
603.9913710523231
1551.7387698576663
736.5310854844396
594.2909226197831
1239.1087658785705
802.7640360807263
1689.8581534546174
1318.9910666332798
750.45375465198
1588.724768719009
969.159835688816
2018.2865411274481
866.3668896482812
977.2400683761035
912.3786391754802
606.3577252662175
1200.268935027365
1223.035002047833
1151.8535860985942
1931.779689245467
825.0554190022981
939.1745343503657
956.032630732121
1530.4786971209649
502.60586766461824
1338.5363829262615
1273.6443982088308
900.2318617854281
1747.4765149416107
2125.5798560900535
716.6110910238843
1105.1006828854213
796.6332406271457
1513.3421952143603
1377.6050245128242
1067.9340610729919
1282.2595685334984
510.93439065880125
1782.374595889071
1165.5965173125276
1570.898581326233
1125.7187240984597
795.2891150841461
1977.8524676038476
1262.7345935567841
1565.4659302009304
1027.1126113005187
1258.5013100083652
1576.855912531478
1287.1434876729397
1064.736773732838
827.2880862295073
1286.0038179656058
1052.1279926359218
1371.4070920212862
1049.2655237592185
688.3882470064235
1486.7497454331908
953.1169899073558
1438.66314792719
998.0021782475462
1364.2431286610536
1768.2366241371938
1642.4433257661556
833.6970354703357
1763.4866084784328
927.4387935416671
1150.5054608132327
1067.2388022325697
1412.4176648107637
1165.2518081900257
1151.3382852557259
1481.8311512155694
1317.420535012047
1431.6610378717394
558.8041364113784
786.6139402135548
1731.9064074842663
1600.6257378963223
1492.7588697118576
1345.3816736728181
1876.258082825263
1515.6219512172765
1635.2174030311544
1411.9541897780339
1141.6667210054968
1408.6633190150965
1586.7579008692735
1630.284592739992
1170.6003033191987
1433.0995751412827
1407.1992514226968
1088.3397937271266
570.167419842654
752.5487769071128
1971.3200227064476
921.6301939569256
1538.1123051296631
1720.239129806385
1983.6655320080988
1221.2238028597235
785.9750756851431
1172.2727331968429
2093.754857014441
224.28821020407312
1055.7455334659844
994.6549103405939
1625.0900303517483
1200.299931926324
1049.6229830581967
1144.0903032414149
660.1014038447336
455.574554528367
930.5512075082933
1439.7871789566964
1957.2722326606595
1583.1792061771202
1995.7173170584576
1250.3102704995658
1455.2397002504554
1655.346019702765
1773.801835965583
809.1286937390084
1534.1680794200038
432.1169362511997
760.8607060485626
1048.7993185110126
1192.8083515356236
918.0813852057775
1560.2377311632663
1103.743515587032
1177.1406427478564
1463.2014038538737
1423.8109678845367
1506.2480688891462
1354.1912555541971
1435.3881215412334
916.4563089604911
1516.5959056419963
1746.4734145535929
1519.74341924727
618.4614375114345
807.3306903494365
1515.8906246138633
1114.4941654691636
1101.543557454851
569.2131917543463
818.6469380104467
1362.1541725127051
1639.8107943286047
928.5652880061781
664.5806633740349
864.111275855082
1579.7296511812692
1219.086870709915
979.3288367384813
841.5842524483605
1651.2008059244693
1298.8316229246489
1466.6013720559736
1616.5644016400092
1479.4165503381932
854.5133840731618
517.524147852803
1287.6157526517209
747.2450062348474
711.40574561443
1486.0866331048842
2072.046032521765
1265.9784518714264
2052.6931782740417
885.5804466174665
1237.3889174081219
945.4121306851739
877.5455639901845
978.4844366619612
816.7723615990757
1360.234344061313
1408.8727621729572
745.5575019641442
1104.213370007881
2019.3718137002688
1139.3855326819244
964.4826266319703
1775.1485717349722
1238.9038278419766
2128.7070526916577
1254.1808993255172
809.2755785483694
1269.3681699674435
1557.0504361297005
986.278940201163
1136.0866353363567
1151.4868488849015
848.7605632232882
356.27263698491396
1951.8927752011248
1345.5034713580353
664.3223725080334
783.3597033238708
1205.4192782945065
814.7074590119621
1449.1422176266874
1149.6483921143636
770.6855259398474
1153.2084032232058
1795.1934259619018
1629.1013143637613
1332.732895064771
1686.0575416554366
946.1983246457031
969.5354853995075
1428.764305612129
1937.5852713406932
1491.0413747868224
1631.2351641009657
1668.932540577273
1422.182708095717
1681.451548119216
1070.868171914134
1353.8997836767987
1140.3896677251714
1074.6781175833248
1834.553603328723
1156.4118661362952
1054.634910967739
1454.7955433931609
626.135145002751
1490.4758713484757
985.5027936706048
937.6969211601762
769.9553134008321
1839.5687891293476
1221.2364253327025
1396.3148072447498
1632.18651947695
1409.0980675135781
1033.079225654353
837.5877033590309
1237.6179444048976
952.4700493471206
1197.7508992693067
1442.0859400606614
873.84928747869
854.1601027376092
1477.7191698829627
625.9273527359098
1402.8881938174702
851.9881552174508
1613.3348733314674
1917.779139013544
979.0504357737964
1096.1092577099505
570.9982002580789
1474.1438616044668
418.3214012385195
988.468333641574
653.6283522068064
1132.3536221113475
1461.6116489328601
1621.4724099431971
1838.0972018438874
1271.7328093538197
1899.8945926451174
658.5440912702901
718.9740376582079
1920.9803318652582
1394.9407909387287
1145.7319448020078
1122.2153356933882
1482.5747053258829
989.9533583644566
1838.5322851542978
1530.8615618678027
659.8736311629924
1618.2104090608168
2222.5296105523157
1752.417541385506
1586.726936398731
1274.761327869426
763.6739983180219
1268.6458183130658
963.5104923090661
1165.3119511364284
1389.4177206444367
875.8903208685705
423.30204862641443
1875.3137875091932
1331.6251541242639
692.637925069016
908.4693233097848
1534.7846752244147
813.5885575729724
1520.4004490367943
1732.6726052025247
913.9666438259369
591.5102762167456
1242.5566282760644
1349.451805046336
530.0842013624616
541.8823769243741
375.15803277147256
1521.3077463626541
1552.3886237832423
1315.1897538469261
1706.0405120038884
885.4517653221299
1739.3742947440735
1472.8354446684675
978.0607476062348
1399.4570282537252
1943.9066914080324
1216.9520698770207
1313.652723726245
1285.5554396854532
738.0020230818415
660.6522760133134
1463.1013276996182
1478.6774612703603
1545.8646488790662
1767.011251841042
893.8173360189118
1596.4569834005592
1611.5193070375701
1472.5512772361767
2118.6471808170472
1548.7887395755786
1462.787839211398
1359.3691067901564
2105.860269170272
1828.3547848381313
1010.5445244363276
743.8499796049174
530.3206936156652
1867.7047114416775
898.8941149554953
1472.5584365771715
1821.8277683655745
1571.7355317822924
919.9913412437545
1382.3528324007987
1242.0311492123005
1176.2194034669487
627.7254560462175
1150.8756534971644
1566.1670599642307
693.1767393354581
1499.9966146530253
988.1277947054582
1755.7174000130515
1128.7467885786332
798.083327240898
754.6711418763759
1119.481543795576
1266.083580172581
1462.5962492781302
1574.527265286268
1109.6729414643055
1591.9133640860325
1314.695577865585
1344.5516560277779
1199.043726978606
1768.596357267856
905.6484786084783
1994.0889158179668
1477.0503984999157
1684.4607948864411
424.096401838862
510.44365692953886
2050.2911895969182
853.2679969881827
654.4600053805497
1380.4750255330382
949.9781224029904
1579.307695461479
1505.5944189940367
1273.9462005190917
1558.5745044946837
1461.1857473871514
1421.3305896147115
2052.2197989035453
1636.439550202717
1211.6443523362882
1292.4270167285104
1387.524902339378
1500.8376203405605
990.4735327227899
1022.6615597096069
1436.349161410641
1094.1099513561617
893.9310308509693
1062.8472342311293
1764.5863641990047
859.134125468661
1469.1548466462789
1832.1003376337665
456.7137789180596
546.0255367387585
1470.6189970493144
925.5466732916531
1149.3730589820516
1544.3837314102386
1324.1278101689365
975.8394686480711
833.769432998794
1579.8514786104545
1046.90928849244
883.3252840730298
1725.761134347743
1216.1489106593135
1675.7875449600403
1005.6570178664667
1500.5753453092716
963.4191109924728
1207.7842761856261
1636.3324580790318
1751.37939180671
1863.3159168289287
937.7307465865277
475.7543997888368
1026.091688817296
1477.9290907070636
718.3303052897512
715.927179110799
1604.9348541399938
941.6167007855815
2094.7322809757507
1177.3971066706838
1502.7421930162982
1950.886707310727
1471.7686947480713
873.5234446441774
1448.1988330475517
1367.5656876221435
1006.212558645365
656.0756748786583
536.939504111348
981.99269527919
1610.1042670129682
1558.1755025023813
612.2153154786188
1362.6450995907126
978.1421789903491
1427.8222836789
1391.7932673636965
1830.3057210803065
2099.636670389338
1653.2871331429712
1229.1499521239282
1990.475913712761
867.1017686380981
705.0508450769975
487.6059897208553
1614.6100560446787
1354.724922686517
962.6538315449183
1431.5196994080927
1230.229561515481
1836.6149372391544
1802.3274746932836
1624.4080254429794
1213.9314969137272
1258.2191285676229
1127.0187154301543
1566.0624921201886
1723.7274668523642
1875.180910288269
852.685376325663
745.8837669386529
1327.0360215051248
1276.3298176862734
970.8865130592113
1336.020433135258
1505.4447138841654
1875.2188345070224
1065.2577724575706
996.7415433704874
1172.2690573353905
444.3960357025056
1497.9124352852832
1506.6327982158857
1164.682921647407
912.219443004955
982.2739353750525
1079.8382944364641
1310.8356533219282
945.4467826027048
398.7983739127971
1381.694932719061
744.8943234181486
1650.7911506073847
900.1902445857997
1598.1682251175246
842.3075937901968
1606.4614076639123
1863.0044289956613
1731.861028167616
1318.9415652750863
1680.1875171277748
1073.8016529328734
1531.06384986967
401.24814760374284
1114.992691727239
2159.835944574193
921.3413294731736
1151.6465168937664
1002.2730759880834
1334.2343917098092
249.48606859147694
1487.6749605471894
1522.3589373911805
853.8618391340592
2024.4531997337049
1878.959427276709
345.5723639741603
1354.2534950843108
337.69231304704505
1359.141728428097
1446.9233210064667
1519.2937384644224
1031.5700545807213
1721.4287840697211
1779.6129139373245
469.60958158468554
193.21529290443797
1182.8067905538414
1031.9611588414577
1162.385261957274
1284.1822263655279
656.1785236230252
1399.1358595920244
736.5749425084354
1717.167335155228
1332.1130113624035
765.3923737690208
647.6998538658346
839.1499698101212
1508.4836659083587
1658.8597786887244
685.6061031397109
1572.4174455129407
1332.9887358963083
1054.084815412826
632.93031463526
691.5522217579961
1362.6494179494002
1250.5875498480639
997.3907491234147
1054.4844212813148
774.2588891462414
1531.1412524883199
488.3869550943086
1132.647177515077
1588.8195062156212
1462.3457130412555
1759.5538652684504
1339.1657513237128
1264.8742096980166
718.1014788245153
1738.1026675517319
605.606076990512
1180.4260408731782
1080.913881399608
1369.0090152290784
1254.4041634309544
1052.6227626864893
1398.2128212831908
1170.8333140232924
1077.5261383076481
1311.275284350397
1737.3241356650074
1945.3249967318907
1620.8307419442797
685.680178007908
1704.8730387962555
1006.0041549044705
1085.2221229563595
1836.2873667687923
1267.253345462125
1571.9932270868023
696.9266074884018
871.5481391445418
1207.7657945915298
1596.0146754174882
984.5135473061325
1651.8045157228823
1645.6003424064443
668.9004976412998
1309.0142296469357
1404.9834642793764
1778.3437522416789
748.1547908978552
924.8589170927287
726.7821508621687
941.6276585695826
2120.2878049115793
790.2572030853055
1874.4703385885632
1035.7750151581747
1114.4186975703094
471.24567595361583
1546.708321393698
793.3865979381352
1504.6524337737146
475.58565155615526
1105.5125557775687
1040.0610239891184
892.099144341992
1516.4217405470074
1768.0882859907347
724.9535254677317
1336.108799943572
764.4876983373072
475.6570969977258
1458.6496318917862
1115.234780935709
659.7106967673111
1354.9190629391283
1940.0905909612625
987.2442116371211
1498.3861408449516
1129.9086102608937
955.7443355930859
1349.5653622236812
1429.5159099333903
1087.4164605629896
1190.8742597481435
1188.9383618996171
363.5058789550594
507.6160141420917
1584.1650550757854
1267.322456738396
1119.0674613466458
918.1785916732963
1376.914599647787
703.1843901427413
786.9518046558201
1492.0879004011076
681.7654107557662
952.382362569427
1219.3735209959634
1484.7164001684957
1404.2501770534775
900.6363076151742
1528.6282640204233
1309.7196540197683
1451.2166413586608
1129.2178812068987
1990.7033860000724
1030.8707541813349
1290.0176765159026
2002.5845042976266
961.848505111487
1474.9680905701275
1168.0593819911921
1478.9977387025087
1188.805478631739
984.2887962395954
1341.396269760682
1082.2687538129903
1724.2416291165957
1797.277887783337
1860.2895829161125
1784.5980488898447
1406.3898797790685
1171.822555964975
1551.6418359786855
1515.3055538478816
1244.0782898673403
1194.0204098859867
868.036430802719
1376.4457519200944
2284.375447262569
1581.7029173590427
1838.7340697495667
947.9028940187884
594.4563966177601
1203.0497928844914
1290.7939331140844
1433.4739122867077
1855.3475418068958
419.07422371316613
1087.2693468769974
509.90523408665933
1263.6553730886626
1744.6609247511171
925.8688692685856
1372.1730957117009
876.9286191159159
663.5305845435505
1481.7956173119273
1382.5662598553517
1271.2183222457418
1235.7944494098417
1160.2682290539087
2018.807315424748
1641.2121022663891
563.7303667203241
1207.7376208051764
1458.8921279648243
836.8514680430875
1309.6308494221432
1394.7586443909242
1292.1974514622493
1072.1671672581842
582.8095481242191
491.83990585488436
1859.4691007276258
899.4028653716385
1697.4575101114867
1779.7338424565967
1514.1911345647054
1537.5150542279932
2013.9272953551222
766.5179081924049
920.5439423466366
1373.7194666897183
1084.6601671643805
1299.785672362937
639.6116305970338
1604.5446761709568
1448.3132381458809
1059.9482655105408
279.7024174187054
1044.686976264721
1171.621953148304
1232.9880314768218
1032.990296570357
1793.967519826172
794.4639951652623
529.361996587801
963.4364953767852
1010.3105399436351
1766.5300997602114
1405.8455284875945
746.1970690384984
1738.8425777885159
1743.1184645920712
1578.8096221040114
1195.5697366906295
750.8606970265664
571.9519683098489
1320.7053540906404
1361.7278223454502
1821.7982978344853
294.7685018279057
1650.9140805986328
1483.2632613836302
1582.644789038726
1219.8609988421213
1893.0171350799344
977.838023586459
521.3308880964177
1559.4211827925521
1434.3457171067894
1578.0699015230618
1579.53272723589
869.0185505630293
1337.1479557572318
1056.440768010612
532.0103895075955
1732.2505233900301
1025.421330503346
866.1804506819284
1547.3945116826314
887.4257393882756
865.6195505589076
1430.218004508488
2206.1363869173088
1276.9610899841368
622.2986329309454
1147.3097987524834
946.3727451304602
1405.1293990227866
1447.4991658167482
1216.2755914187517
1533.9191585630906
1170.9331781988305
1551.7219276781939
1811.5478471699037
1494.4535152705016
904.4868510477216
1298.1479821664475
2067.1718812907625
1091.0341738127254
1258.7664088738957
1468.5199026621763
1026.1552580222904
1072.4197823253983
1224.0874361967346
672.7332687433768
1384.8847878315482
668.0418609137099
1216.5855400021567
948.3447460277514
1046.5272421422112
1202.727706616188
619.6461420534214
1025.3823007219862
1956.0402519075215
715.3507889953547
1917.0009506593726
964.9117876662419
1101.8140894543887
786.689060616656
1314.5842237962768
2132.8599366133844
1172.665394009047
1481.4945704059642
1044.8028097762249
947.4712526205535
670.2302957010733
1603.4973935697074
1111.9700605107803
1807.3243448800652
1481.0016940792298
1607.9648195205273
660.8858237526547
1254.483238475517
1351.568842244102
1651.5766488460351
1007.5294221681069
1299.5234370951616
1377.0308024646047
599.3221372293453
1610.042727773323
1579.5491367939458
1614.5568137264781
1504.825659264733
1582.7749381174713
1042.7028672923932
1622.0504424102633
287.5937248198466
1066.1355658720067
887.7970062656865
1266.109712821528
661.7820116966404
1871.5399402555108
1074.6653986237998
1195.5089253396154
910.5373253575149
1643.6392022193565
759.0595655444898
54.40291517485409
890.6634195498334
1040.615252583125
1709.6795248791227
1960.5869778436963
1766.4538443517674
1457.9357843506602
1774.8360532917081
834.0539369070159
1402.2845043361829
896.6652746114592
1157.322574612224
1406.3676084276458
738.4353656171781
695.4391021485425
1660.5812010297889
1164.4703188380192
672.575590117333
1187.8352064895196
1608.0170721904274
1437.5759977818288
1672.2457686268729
1602.9613699726328
1149.3318026911484
1914.6461664786857
1543.1454591230815
1392.280374478589
1762.4636171649006
1312.419161708543
1264.1913877173217
525.2294765210399
867.6137732242473
486.22933504939914
1714.750173175238
1535.5995066180355
1478.5162434347606
1169.7900023983548
1145.6796085413691
906.4851829678129
1036.0575847717532
548.3203685914982
1556.7500988953432
1700.3789411889877
1126.0352126287364
2021.5000388764436
1275.9567085307096
1114.6164813572113
1733.6820163257555
789.1816451187319
1026.6117054290823
834.1622123551875
1447.084442322944
1024.3918355166509
974.3628248766789
804.2614987740764
1708.8166829231066
1515.1912862703377
1361.842069318688
1302.6399970210402
625.7887293505436
1752.8182834759189
705.9901705082502
1034.3033259080173
1338.6606413448296
979.8081451117206
1043.6512303587779
1324.12393368955
1185.1464257533974
955.9098477741218
869.5321808295427
2038.837750056997
1608.5520525813104
690.4922377358652
1723.6317192734111
1322.1417273069414
1489.5475464661126
532.1284453864745
1615.157924815157
1372.657116715792
435.8872267315106
1085.157752269652
1358.0554840622995
168.9354682879208
1207.4059079471049
1175.8768930065437
1266.940101940815
1549.950306383229
1397.1044978102989
1097.6514553437755
1597.5820869711986
1938.4093686934268
461.741749910072
1497.760126899759
586.8563489365804
1326.462249766643
1152.8607795312194
1043.0891443604185
1978.2667440122864
1648.7546173567084
1412.5075621195458
1470.6601270201352
1291.2019455757775
2003.3144545215687
1051.7698653091334
1738.8381855749567
1122.1040947703054
1196.4049376468615
1242.168977350154
1614.9764592372208
330.79199504664507
749.7435633163929
939.0255511838477
816.4650685122417
1964.8277462967728
545.9653351219206
1053.858582942671
2050.563168806437
1038.9886737991421
1193.0437679987137
305.38342949656396
1168.6663084267634
1017.3464843129067
877.2001706233098
777.6039846029742
646.710468862907
1399.120347958706
1397.290159741448
2203.386444161854
1359.1424537738733
1680.3781098680213
742.9078283852868
1427.2061072834176
1544.7228509406316
1397.6377865622592
1291.7694208876899
1891.0055215048028
849.5040108346956
997.0745928250884
1245.8764426593648
1027.2622865284861
2288.5654080701106
1553.161034848188
1490.376618449687
948.5856108918774
1408.9980399701356
647.7325940215237
1109.2731664614603
698.701409669026
1558.9669358000342
1414.518222633393
1197.6969443935375
1275.6943596830365
1492.7811387569423
2085.1665423770996
1595.4052552740939
246.44906282559458
1400.5819465416866
1610.4189620051425
1270.2393793008398
724.7890793277966
1288.397762170765
1021.5994204420214
1361.0217134387653
861.8460050481026
2124.1856338423445
1214.9322225862813
1088.3233012584005
1685.2361052936872
1882.0082238480327
1396.5790041813252
1019.518521372463
1574.0500110486364
1297.7788050781621
928.9405530068562
333.2509973273036
1597.6627698440693
1640.9734621988525
1215.784715723424
1172.5770141174792
1839.2706336184706
595.0749715076356
357.07466566162606
549.4837745697954
1722.3539696558487
921.220788781218
